"{\"x\": [-12.677126725435112, -16.53910762011702, -13.361412839527144, -22.438193219649577, -18.522347241941937, 0.8639682547223492, 0.48932971851062756, -1.7585978016755157, -0.8267810333002769, -0.3701375737860488, -0.9309971038766468, 0.16681531474215108, -0.4084560624849774, -0.3756794006336726, -0.5111973120749305, -0.11590564512085336, -0.19919307072237996, -0.37138599100185476, -0.4391146770121248, 1.6720618486144636, 2.076030938441246, 0.8847729536360271, -0.3952262202056753, -0.12316417215173689, -0.28404366401335246, 0.8938384239930509, -0.25545199012405756, -0.7782067288014469, -1.2671650687147684, -0.7652596790749779, -0.5725413882438453, -1.0647981386560597, -0.49267520582378027, -0.6359903107493334, -1.1322289770012492, -0.620489576187931, -0.8796937217102812, 0.43087080415686985, 0.2740371091215086, 0.14024096610210662, -0.3186409888266575, -0.14559156565752157, 1.3621195596116882, 2.2983612437451124, 2.113447545687233, 2.2880023480486438, 1.7739640197589808, 2.989602467859444, 2.7477010794863532, 0.24710615534373456, 0.7441391844393482, 0.3497585224304824, 0.2156925118667346, 0.6931808856931114, 0.6424128585822468, 0.7563815722508819, 0.4770873431184623, -0.30688462587747667, -0.7218561919899481, -1.2951585479700711, -0.2156785981584117, 0.40521406766604023, 0.49162003023151807, -0.4200383990312814, 0.2243315294789996, 1.464311702758655, 0.7407134241072744, -1.275196588352235, -0.8280574409118375, -1.601405165724958, 0.696394178546755, 0.3183289585866715, -0.31149770474542865, 0.3477142493354101, -5.712674641554678, -6.242301907354423, -6.127691428062867, -2.6289342542904572, -3.90211113240928, -2.171031062369791, -2.7867203510379377, -3.9879759468106384, -4.22370671648049, -4.030026309130425, -2.604539816844819, -5.29998915844377, -6.3660879253894, -4.058611408774755, -5.2523131404866135, -1.6644597455794317, -4.789466642985434, -6.328950822323174, -3.159773166020383, -1.6427462877724226, -2.3527038005092744, -0.41430481882766296, -0.16864132032344942, 0.5595555456220735, -0.4857076211374417, 0.17822941223561786], \"success\": true, \"status\": \"Algorithm optimized\", \"fun\": -52645.96519300235, \"jac\": [-0.0001530522344523888, -0.00011359183305970078, 0.0002714199996312061, -0.0005546278683539185, 0.00016913783290473106, -0.0004211573717469719, 0.00023271963525228756, -8.286671395918432e-05, 0.0001321446852102781, -6.090196790453639e-05, 7.406317797098438e-05, 0.000184375090090505, -6.806588730701169e-05, 0.00010481159785769023, -0.00018129875096561943, 0.00027069046629590865, 5.0615020240840636e-05, 1.928017793950687e-05, 5.996336426061788e-06, 0.00020810605423982054, 0.00015577185013881945, -4.237707379561861e-06, -0.0001609160109046215, 0.00028400559218155763, 0.000724373737505779, -5.313491654196367e-05, 0.0005474304183792356, 0.0009679724692164271, 0.0007386050266120492, 0.00048198671138877103, 0.0008075917267333921, 0.0024203957196133885, -0.0008184171195892986, -0.001697295029504886, -0.003782052545290071, 0.0007144633694124991, -0.00012128167520031319, -6.490239737028114e-05, 0.0001980867625537286, -0.00038229181662963185, -6.041511275434175e-05, 9.469844503229297e-05, -0.0006966800037560006, 0.0003844144503375446, 0.0026575104233472757, -0.0012161921551552268, 1.683604186775156e-05, -0.005144156171240866, 0.0014532379627070213, 6.94804360308332e-05, -0.0004801843389206084, -0.00034352589614261575, 0.00038032933948761727, 4.3092321063975536e-05, 9.207017805623607e-05, 1.44343434365507e-05, -9.543596020122891e-06, 3.654827624588464e-05, 0.00016308684541321838, 5.623153133793579e-06, 1.1005928387208819e-05, -0.0001344333898440908, -0.00021695747471339732, 7.142934040782478e-05, 0.00014098179350696682, 0.00010630815801948579, 0.000354868045386425, -8.73308801514483e-05, -0.00025603803151330595, -0.00011428240863908812, 4.077062835355916e-05, -0.00016258611812425272, 6.333321959040017e-06, -0.00015593938226787785, -7.157957021508565e-05, 2.372829088082007e-05, 2.128711758375701e-05, -2.3311197864694932e-05, -6.242978315773584e-05, -2.8166276417440628e-05, -1.9596775367780594e-05, 3.274567566546871e-07, -7.69285106505535e-05, 2.319335119116417e-05, 0.00024936464005254066, -6.651368685117731e-05, -1.9128664592027445e-05, 2.2047458765384054e-05, -6.177604252699531e-06, -0.00013959690068610087, -0.0001020587759663627, 0.00016886792298365094, 0.00016807394561402234, -3.309531408243749e-05, 3.964334435835326e-06, -0.0002491349840827439, 2.868477325712604e-05, -0.00031344884260064987, 7.345242969181154e-05, -0.00019409342942233732], \"hess\": [[-2220.707903794629, 146.39432305607085, 655.9789250089185, 352.3160872953739, 597.4687977009188, -1463.7369100669782, 215.38729873868874, 28.571887441787357, 38.00013549528475, 178.96434623409084, 582.3023802515013, -450.75747525583023, -354.5751074260467, 59.34059737750459, 57.77174254677918, 38.242147526654776, 139.61789867402706, 136.64804894089684, -25.304496569045806, 23.481165743928145, 13.05764614028412, 2.760063058730598, 5.870938876063816, 305.7354529221767, 148.87216964582174, 29.799522245423773, 1265.5865457345187, -802.2652595750266, -6082.442289879695, -1288.1992250993685, 317.50051431323203, 2341.3005759546727, 112.2767969966956, 395.97036993261446, 3341.777998704121, 1041.0150408710679, -679.6770648961766, 48.739963729303255, 120.37669355578187, 162.20081310166483, 29.496709132786027, 187.70762467219498, -17438.331364628022, 887.7202893708337, 4853.6922972381135, 244.50248515996347, 312.8598516834126, 2943.9559040709833, 4908.111276034924, -626.3989935132761, 48.93175336111685, 215.7158978422524, 108.77835363822058, -198.53421225418745, 17.45271180110514, 4.35792943155881, 33.29563298784246, 19.42382571230056, 28.240579162590766, 2.081064300540107, 0.8002998722933529, 67.14639078471052, -223.33767522203468, 301.7959308117787, 86.90408420687861, -91.23073793462761, -606.9752440633996, 8.78089827675611, 123.8828823927863, 9.584760819919303, 0.2543538570191813, 27.98706706538345, -48.435859214428575, 28.402594068007936, 62.28635485584799, 43.12742598032465, 59.70493384517558, 3.7906600693578354, 9.766302838929672, 63.86717713963104, 96.85696020176964, 14.802833702332014, 90.59951263082297, 6.376765418329008, 52.65502079274113, 17.79896057653731, 16.60528947087149, 24.12033745653437, 2.827613999904234, 110.50575243171905, 61.21964038807523, 104.42749362854258, 74.31050281458086, 38.42355256815877, 136.2529590528225, 74.00438805323789, 312.0085049278147, 307.4928524921464, -108.61889936116182, 86.10603701742131], [146.39432305607085, -3600.575847878303, 0.0, 1654.5196543651864, 796.0337826260974, 0.0, 0.0, -794.9250865009147, 0.0, 0.0, 615.9348554453953, 112.84187972581992, 0.0, -1249.033155118507, 0.0, 0.0, 366.1023476789027, 0.0, 2.760063058730598, -444.9849167916956, -270.0872205134902, -123.96851709348549, 208.1267278200353, -363.2154373252541, 0.0, 0.0, 1021.933706774304, 317.50051431323203, 0.0, 112.2767969966956, -9459.14604897641, 0.0, -4193.3956983351945, 8134.149354790905, 0.0, 3830.0122407209346, 48.739963729303255, -2149.1881618583025, 1515.3097186303787, 0.0, -537.6967948341618, 0.0, 1132.222774530797, -20175.044907372176, 0.0, -8089.906836422184, 0.0, 13600.028528857372, 6503.344098499475, 39.328908598912946, -1140.7582036309982, 0.0, 512.1516751332437, 6.978661845039055, -11.434066990786771, 58.69049626178003, 0.0, 0.0, -668.2862342338883, -48.721517545845074, 0.0, 445.20317544401246, 21.30417587067175, 0.0, 560.0529777365015, 0.0, 12.677058955641852, -144.87430508425533, 0.0, -54.381518788513965, 10.205670559064563, 0.0, 0.0, 249.817180369427, 284.2559002867167, 130.2351140368854, 0.0, 101.41259412632179, 0.0, 452.85281359184034, 0.0, -428.3057521125642, 0.0, -142.90340341875188, 0.0, -250.3036504367559, 70.28273131787645, 33.972102511421056, 9.418089075234413, 189.01049470310815, 341.12170523801325, 0.0, 0.0, -1019.3105526482276, 0.0, -1982.5909564797391, 0.0, 1204.3560473872685, 0.0, -408.22999675780557], [655.9789250089185, 0.0, -6992.2602743015095, 3668.4963936982595, 311.31138342394223, 615.6436470193248, -2119.3773725295655, 0.0, -423.72191974844, 2011.066161456557, 280.2656212925598, 0.0, 96.01389007343396, 0.0, -752.8844340722352, -512.7318942124438, 0.0, 114.02067819812062, 0.0, 0.0, 0.0, 0.0, 0.0, -3924.1528369168154, -2063.6729629960328, -387.87643627587534, 667.3620948158097, 0.0, 2341.3005759546727, 0.0, 0.0, -31821.040664080567, 0.0, 0.0, 26470.660587715338, 0.0, 198.93036767885283, 0.0, 0.0, 1939.4039056475701, 0.0, -2052.6225227465698, 5166.552148921526, 0.0, -51651.37427574768, 0.0, -3762.293636163387, 31186.205680382347, 2609.192348026115, 147.99564973116705, 0.0, -2280.792627263966, 1306.2908165132778, 58.14223406191977, -216.6003632386904, 0.0, 414.666155516838, -240.21220246159703, 0.0, -9.847664627125198, 49.31462422504164, 0.0, 134.34016725813547, -3485.141219419384, 0.0, 58.33733661902693, 129.57148253381985, 0.0, -838.273733555654, -35.88488743877866, 0.0, 294.458878957167, 5.571960801186449, 477.91750688276557, 626.4703069378129, 0.0, 52.72706985079178, 0.0, 253.26014597447937, 0.0, 539.8913550312037, 0.0, -1087.215487381394, 0.0, -697.4010110932563, -133.49121369791632, 200.92132454484167, 16.287861174119385, 24.7118626209772, 610.3205219128059, 0.0, 795.1794220332158, -823.748597981902, 0.0, -1483.349869053921, 0.0, -3313.8054648192187, 2856.1535581188405, 66.91068216917043, -1020.92551194658], [352.3160872953739, 1654.5196543651864, 3668.4963936982595, -6444.505213558749, 0.0, 237.10615845210148, 1211.7096444345927, 0.0, 0.0, -2381.049108990397, 0.0, 78.92164622175845, 46.307010713660645, 787.4858907136891, 476.34281201111713, 219.11977720166792, 0.0, 0.0, 0.0, 208.1267278200353, 134.05487070735376, 0.0, -254.20533277020445, 3449.868745105192, 1698.4877302733153, 0.0, 0.0, 395.97036993261446, 1582.542907086713, 0.0, 8134.149354790905, 24620.596184543472, 0.0, -9207.76814175167, -26797.479372187394, 0.0, 98.4249502816638, 1005.6241410461064, -1309.578604297734, -2024.6310255947067, 333.1122441969109, 1137.3628778492273, 2943.9559040709833, 13600.028528857372, 31186.205680382347, 0.0, 0.0, -53300.390397672054, 0.0, 86.94248477169144, 512.1516751332437, 1306.2908165132778, -2084.8811432316525, 37.65356241940126, 173.2543968906186, -73.68608402574574, -473.5561180739011, 90.53804184590648, 410.7614428973616, 0.0, -53.834645729799306, -623.4082658443539, 30.207234994786667, 1767.023334094551, 0.0, 27.98706706538345, 130.43049767261553, 119.15317365448247, 593.6112399796979, 0.0, -12.146043985870536, -329.21899180568744, 0.0, -836.1945399405924, -1075.5804405610402, 0.0, 0.0, -113.66434059212192, -273.07777032910366, -336.47792701268975, -529.4059387136047, 353.3382789586583, 849.6678854449463, 114.20973469430258, 561.2654311001384, 0.0, -291.9232240039139, 0.0, -37.51009444542083, -754.1887498152096, 178.41078110143684, 149.23215049032166, 555.1250867420042, 506.1744678357629, 863.3980869481774, 865.1586860637863, 1740.7845490783116, -5009.5872294605215, 26.354857961794224, 852.3279364763064], [597.4687977009188, 796.0337826260974, 311.31138342394223, 0.0, -3421.2603444282154, 338.4996942078802, 0.0, 615.9348554453953, 280.2656212925598, 0.0, -2979.510153820107, 139.61789867402706, 136.64804894089684, 0.0, 0.0, 114.02067819812062, -1062.4233077291624, -446.8702721959755, 13.300435663238561, 0.0, 0.0, 91.18452892053483, 0.0, 0.0, 0.0, 322.59101221224574, -4694.170666204358, 0.0, 1759.235091617408, 1041.0150408710679, 0.0, 1850.064403171863, 3830.0122407209346, 0.0, -4668.6053791623235, -6549.274627221474, 184.15255637578292, 509.68557758427255, -1302.5610268703433, -543.4196101509198, 0.0, 0.0, 4908.111276034924, 0.0, 0.0, 6503.344098499476, 2609.192348026115, 0.0, -26401.864862644154, 226.88377239334454, 302.67128603806464, 130.58172549670473, 0.0, 64.47462045557081, 0.0, 0.0, 0.0, 0.0, 0.0, 40.52996009316142, 0.0, -324.3985367422337, 0.0, 0.0, -1273.9303640272938, 0.0, 250.07132996519414, 0.0, 0.0, 72.98729120826881, 0.0, 0.0, 27.139242559689347, 0.0, 0.0, -319.94953776123106, -184.57800067827006, 0.0, 0.0, -339.56533474396133, -197.92867884745354, 0.0, 0.0, 0.0, 0.0, 330.4944394080283, 0.0, -83.18518306961548, 0.0, -184.9662908245935, 436.31575037904395, 266.119497076293, 0.0, 259.342883792226, 120.43779402696987, 517.7181531721579, 191.70544068159228, 0.0, 0.0, 0.0], [-1463.7369100669782, 0.0, 615.6436470193248, 237.10615845210148, 338.4996942078802, -1463.7369100669782, 215.38729873868874, 0.0, 38.00013549528475, 178.96434623409084, 338.4996942078802, 0.0, -354.5751074260467, 0.0, 57.77174254677918, 38.242147526654776, 0.0, 136.64804894089684, 0.0, 0.0, 0.0, 0.0, 0.0, 288.4286624020052, 137.06920855557755, 29.480957567068735, 817.5589346183835, 0.0, -5900.781209619638, 0.0, 0.0, 2231.464779720469, 0.0, 0.0, 3285.7825904839196, 0.0, -431.31800748395443, 0.0, 0.0, 158.0717938728698, 0.0, 168.2292289177453, -11623.098683485763, 0.0, 4550.662797491073, 0.0, 306.90776778880223, 2022.0792209554652, 2822.6569944134917, -429.3174763358119, 0.0, 207.7642673967595, 81.88782327128713, -150.38457540747984, 16.68190214646762, 0.0, 32.63085545222689, 19.261232721441065, 0.0, 0.7191210051711686, 0.7809950886502995, 0.0, -158.93285749346518, 269.58528933098694, 0.0, -88.91715890438051, -449.88178550581677, 0.0, 122.66012161346207, 5.6847544025305075, 0.0, 27.48011811588799, -47.50282889696887, 18.036989441461326, 42.20467955686339, 0.0, 58.9503572430728, 0.0, 8.815256190668778, 0.0, 95.30985908769873, 0.0, 87.46963635777495, 0.0, 48.74759960968279, 10.457489001202365, 12.701695646692942, 15.160270694331857, 2.2315136761311827, 83.48744860014754, 0.0, 100.12034028458746, 68.7321588288205, 0.0, 131.534839350351, 0.0, 297.63692758586546, 210.27287847877702, -103.09807310196939, 63.36549987870202], [215.38729873868874, 0.0, -2119.3773725295655, 1211.7096444345927, 0.0, 215.38729873868874, -2119.3773725295655, 0.0, 0.0, 0.0, 0.0, 0.0, 24.279393045716567, 0.0, 0.0, -342.96149535440907, 0.0, 0.0, 0.0, 0.0, 0.0, 0.0, 0.0, -1686.6433525736218, -1818.3721735403203, 0.0, 0.0, 0.0, 745.1521622255698, 0.0, 0.0, -10323.888493984832, 0.0, 0.0, 8748.734219081558, 0.0, 76.78421927428005, 0.0, 0.0, 647.7480270437051, 0.0, -1696.2103349966094, 1686.0005900731428, 0.0, -16834.882779833886, 0.0, 0.0, 10366.455126090195, 0.0, 0.0, 0.0, -692.811733355287, 443.8744820227812, 16.68190214646762, -207.41168427218435, 0.0, 156.40829665716169, 0.0, 0.0, 0.0, 47.08959233980463, 0.0, 116.18967471983544, -1081.1854269891132, 0.0, 56.76716197841222, 0.0, 0.0, 0.0, 0.0, 0.0, 284.66690612383064, 0.0, 155.66270198856097, 210.24961311358433, 0.0, 0.0, 0.0, 213.109868507426, 0.0, 0.0, 0.0, 0.0, 0.0, -617.6960401959816, 0.0, 71.66400060643065, 0.0, 0.0, 222.65434550869466, 0.0, 220.32680142796224, -719.244334862299, 0.0, 0.0, 0.0, 0.0, 942.239889572449, 23.81747451508122, -342.5622761755494], [28.571887441787357, -794.9250865009147, 0.0, 0.0, 615.9348554453953, 0.0, 0.0, -794.9250865009147, 0.0, 0.0, 615.9348554453953, 17.522188493986224, 0.0, 0.0, 0.0, 0.0, 366.1023476789027, 0.0, 2.760063058730598, 0.0, 0.0, -123.96851709348549, 0.0, 0.0, 0.0, 0.0, 1007.878682499709, 0.0, 0.0, 107.98132649147303, 0.0, 0.0, -3558.7249048986723, 0.0, 0.0, 3239.4303545057987, 10.378750243581694, -490.0051038580087, 384.4061466518653, 0.0, 0.0, 0.0, 227.77631937982497, 0.0, 0.0, -6401.874739946815, 0.0, 0.0, 5103.497190668317, 13.534511933145831, -341.05747751485904, 0.0, 0.0, 4.476799270306979, 0.0, 0.0, 0.0, 0.0, 0.0, -48.509509261236374, 0.0, 34.276013131146186, 0.0, 0.0, 400.21329254734746, 0.0, 3.881073546269992, 0.0, 0.0, -53.40860017842924, 0.0, 0.0, 0.0, 0.0, 0.0, 104.59949782458652, 0.0, 0.0, 0.0, 139.45068044835796, 0.0, 0.0, 0.0, 0.0, 0.0, -211.4306922203728, 0.0, 30.082106403482552, 0.0, 57.17790918620864, 56.00044133265843, 0.0, 0.0, -258.8339741667487, 0.0, -502.0721281496814, 0.0, 0.0, 0.0, 0.0], [38.00013549528475, 0.0, -423.72191974844, 0.0, 280.2656212925598, 38.00013549528475, 0.0, 0.0, -423.72191974844, 0.0, 280.2656212925598, 0.0, 13.962754480938207, 0.0, 0.0, -169.77039885803467, 0.0, 114.02067819812062, 0.0, 0.0, 0.0, 0.0, 0.0, 0.0, 0.0, -366.65631316831775, 665.6382541132102, 0.0, 163.2806220395521, 0.0, 0.0, -2072.105238308622, 0.0, 0.0, 1748.8431233913384, 0.0, 10.761835688000305, 0.0, 0.0, 137.6954148406782, 0.0, 0.0, 306.9077677888022, 0.0, 0.0, 0.0, -3429.375581388369, 0.0, 2368.1919562208122, 17.178142518867777, 0.0, -181.6178373244538, 0.0, 5.972488009086269, 0.0, 0.0, 0.0, 0.0, 0.0, -9.726771326775518, 0.0, 0.0, 0.0, 0.0, 0.0, 0.0, 5.6847544025305075, 0.0, 0.0, -35.70575955195198, 0.0, 0.0, 5.475483879857193, 0.0, 0.0, 0.0, 48.13833751479371, 0.0, 0.0, 0.0, 61.927572299930155, 0.0, 0.0, 0.0, 0.0, -125.65291800294834, 0.0, 15.739372472229752, 0.0, 37.945471474599294, 0.0, 41.50404929720375, 0.0, 0.0, -155.49549971402624, 0.0, -259.3216062319732, 0.0, 0.0, 0.0], [178.96434623409084, 0.0, 2011.066161456557, -2381.049108990397, 0.0, 178.96434623409084, 0.0, 0.0, 0.0, -2381.049108990397, 0.0, 0.0, 38.298409962945136, 0.0, 476.34281201111713, 0.0, 0.0, 0.0, 0.0, 0.0, 0.0, 0.0, 0.0, 1602.7016228245525, 0.0, 0.0, 0.0, 0.0, 1179.9985530040826, 0.0, 0.0, 13681.115999009942, 0.0, 0.0, -15240.980381518875, 0.0, 43.12773002466163, 0.0, 0.0, -1086.4976228144162, 0.0, 0.0, 1531.2424288082534, 0.0, 17161.966663620897, 0.0, 0.0, -20102.248183495354, 0.0, 64.21835388066441, 0.0, 754.9913909836332, -873.0140879903155, 26.282685089726897, 0.0, 0.0, -284.7517304928702, 88.64868462878204, 0.0, 0.0, 0.0, 0.0, 0.0, 864.058020365471, 0.0, 0.0, 103.53022908812176, 0.0, 584.9136822105414, 0.0, 0.0, 0.0, 0.0, -311.3115548838846, -399.9627941187317, 0.0, 0.0, 0.0, 0.0, 0.0, -478.74045809756353, 0.0, 785.3737745200642, 0.0, 0.0, 0.0, -123.62478446045549, 0.0, -25.614000724878494, -346.2646579887004, 0.0, 95.02122299761515, 0.0, 0.0, 792.591068485683, 0.0, 1551.259729302382, -1869.0222307277438, 19.304207250259847, 325.8635410213741], [582.3023802515013, 615.9348554453953, 280.2656212925598, 0.0, -2979.510153820107, 338.4996942078802, 0.0, 615.9348554453953, 280.2656212925598, 0.0, -2979.510153820107, 139.61789867402706, 136.64804894089684, 0.0, 0.0, 114.02067819812062, -1062.4233077291624, -446.8702721959755, 13.300435663238561, 0.0, 0.0, 91.18452892053483, 0.0, 0.0, 0.0, 304.49081394213647, -4669.516868530055, 0.0, 1745.7922580043175, 1020.6927365794985, 0.0, 1748.8431233913384, 3239.430354505799, 0.0, -4483.320551870755, -5774.012009793156, 179.16362575855814, 384.4061466518653, -1081.632817176877, -503.4257125090201, 0.0, 0.0, 4794.849629735452, 0.0, 0.0, 5103.497190668317, 2368.1919562208122, 0.0, -23165.738912963086, 224.30084742726723, 268.7286180916741, 122.39203312159806, 0.0, 64.10960923151099, 0.0, 0.0, 0.0, 0.0, 0.0, 40.25087885220039, 0.0, -323.24819008591925, 0.0, 0.0, -968.9916289159223, 0.0, 249.55177536284984, 0.0, 0.0, 71.89215515897386, 0.0, 0.0, 26.64802682737127, 0.0, 0.0, -276.79262439140047, -172.52674204739589, 0.0, 0.0, -293.32642699062006, -186.1423180742051, 0.0, 0.0, 0.0, 0.0, 288.77175881833244, 0.0, -78.41156397605174, 0.0, -176.09165053451022, 393.1011645505716, 247.64657169702153, 0.0, 212.12248635787924, 111.34948851209707, 387.2983695161079, 170.12877645371267, 0.0, 0.0, 0.0], [-450.75747525583023, 112.84187972581992, 0.0, 78.92164622175845, 139.61789867402706, 0.0, 0.0, 17.522188493986224, 0.0, 0.0, 139.61789867402706, -450.75747525583023, 0.0, 59.34059737750459, 0.0, 0.0, 139.61789867402706, 0.0, -25.304496569045806, 23.481165743928145, 13.05764614028412, 2.760063058730598, 5.870938876063816, 6.299852726280361, 0.0, 0.0, 234.17295578358292, -615.7346332865437, 0.0, -717.8343829816213, 256.8093475746336, 0.0, 63.64171084233028, 289.0536888563407, 0.0, 575.6309348250193, -133.9230463248785, 31.82579185134445, 67.5127982474985, 0.0, 28.19715395533856, 0.0, -3461.5266353410693, 731.0424692381793, 0.0, 139.16499978268337, 0.0, 629.2143083656002, 1127.1093982978784, -122.01555996699888, 37.97757716664238, 0.0, 18.295831469343355, -23.360207398628898, 0.3789652817418204, 2.645504658241626, 0.0, 0.0, 27.640942670691405, 1.170890608113128, 0.0, 60.84703285453802, -34.027815554584386, 0.0, 44.60534924080162, 0.0, -76.90155519691514, 4.2360284165033795, 0.0, 1.8647064251687941, 0.07933208164660022, 0.0, 0.0, 7.57412033169133, 13.972960522528135, 23.8418808602786, 0.0, 3.570425999308989, 0.0, 37.52448944729055, 0.0, 11.030106029716755, 0.0, 6.11785669223466, 0.0, 4.13761295816182, 2.680790416584818, 4.921797369322154, 0.3940115043756174, 15.397998448397848, 40.70278369365293, 0.0, 0.0, 28.966320046072862, 0.0, 51.33587620245508, 0.0, 65.60286854239371, 0.0, 15.991308310554185], [-354.5751074260467, 0.0, 96.01389007343396, 46.307010713660645, 136.64804894089684, -354.5751074260467, 24.279393045716567, 0.0, 13.962754480938207, 38.298409962945136, 136.64804894089684, 0.0, -354.5751074260467, 0.0, 57.77174254677918, 38.242147526654776, 0.0, 136.64804894089684, 0.0, 0.0, 0.0, 0.0, 0.0, 35.2116675536748, 16.323141862073534, 11.909404816885239, 350.220833225138, 0.0, -1552.7356296659298, 0.0, 0.0, 382.0739266121493, 0.0, 0.0, 1047.9778828549315, 0.0, -110.13094123187277, 0.0, 0.0, 56.84631610864153, 0.0, 18.743261673161363, -2857.6473507555925, 0.0, 653.6385874392221, 0.0, 114.40369791766939, 394.7914264901724, 1150.9867169358117, -135.34946917658127, 0.0, 37.93517878107823, 17.3970183448592, -32.189237945346555, 1.941810417507626, 0.0, 4.650528314741996, 2.1535532239010964, 0.0, 0.3903095815134945, 0.24020772591564502, 0.0, -16.677638771441444, 35.71601711944001, 0.0, -12.63053277806262, -141.2938997405388, 0.0, 21.748847081018223, 2.55460060040645, 0.0, 4.204582522894487, -19.610835654647413, 4.368811327524586, 8.092570101605167, 0.0, 24.640729698550736, 0.0, 1.1030806700965177, 0.0, 31.589881294153106, 0.0, 14.716679360293787, 0.0, 5.785880099183924, 4.239906836293317, 2.422546355679941, 6.408218236043867, 0.4305055733499809, 27.562363865783112, 0.0, 31.651328093290097, 8.240089506502475, 0.0, 24.38992455772837, 0.0, 49.978323336696704, 39.645354432918225, -17.99067987520494, 9.634363402816774], [59.34059737750459, -1249.033155118507, 0.0, 787.4858907136891, 0.0, 0.0, 0.0, 0.0, 0.0, 0.0, 0.0, 59.34059737750459, 0.0, -1249.033155118507, 0.0, 0.0, 0.0, 0.0, 0.0, -444.9849167916956, 0.0, 0.0, 208.1267278200353, -185.54203744633003, 0.0, 0.0, 0.0, 164.05572992839026, 0.0, 0.0, -4657.570667963955, 0.0, 0.0, 3990.1369885455574, 0.0, 0.0, 16.461465641849944, -652.544049224707, 435.2301638997508, 0.0, 0.0, 0.0, 456.2268153228478, -9767.721245167311, 0.0, 0.0, 0.0, 6492.954985691453, 0.0, 19.978383901285284, -407.66925729409047, 0.0, 271.7701134173874, 1.1973808868051032, 0.0, 26.498755210655414, 0.0, 0.0, -372.4532294666238, 0.0, 0.0, 224.29512604067335, 0.0, 0.0, 0.0, 0.0, 4.2360284165033795, -59.554660060380556, 0.0, 0.0, 0.0, 0.0, 0.0, 121.91404020281314, 138.98118463991628, 0.0, 0.0, 0.0, 0.0, 180.49818516962483, 0.0, -281.6679530004868, 0.0, 0.0, 0.0, 0.0, 35.49258358389732, 0.0, 6.118934128988533, 65.52330872210693, 136.61048738386032, 0.0, 0.0, -352.11533379786675, 0.0, -881.730115640052, 0.0, 563.5591916721892, 0.0, -189.92455074889483], [57.77174254677918, 0.0, -752.8844340722352, 476.34281201111713, 0.0, 57.77174254677918, 0.0, 0.0, 0.0, 476.34281201111713, 0.0, 0.0, 57.77174254677918, 0.0, -752.8844340722352, 0.0, 0.0, 0.0, 0.0, 0.0, 0.0, 0.0, 0.0, -387.18689849154174, 0.0, 0.0, 0.0, 0.0, 227.91494048728592, 0.0, 0.0, -3915.766119711035, 0.0, 0.0, 3370.5476379620018, 0.0, 17.368213403472943, 0.0, 0.0, 240.3011798600816, 0.0, 0.0, 462.0402533282894, 0.0, -6109.3070422314695, 0.0, 0.0, 4090.890153807318, 0.0, 22.52188415335752, 0.0, -299.51531779441484, 200.6063453196595, 4.687001967420402, 0.0, 0.0, 47.46804218735738, -36.069109232270065, 0.0, 0.0, 0.0, 0.0, 0.0, -365.3419925620525, 0.0, 0.0, 21.748847081018223, 0.0, -189.66410869494675, 0.0, 0.0, 0.0, 0.0, 82.83813106568446, 80.60047733578075, 0.0, 0.0, 0.0, 0.0, 0.0, 107.31374946813158, 0.0, -230.33953478807226, 0.0, 0.0, 0.0, 28.358537981638403, 0.0, 5.572372332302865, 76.05333366873744, 0.0, 82.88959157188816, 0.0, 0.0, -260.9210667214196, 0.0, -522.2349205872673, 337.0816992373177, 6.78905447958441, -130.95266106399507], [38.242147526654776, 0.0, -512.7318942124438, 219.11977720166792, 114.02067819812062, 38.242147526654776, -342.96149535440907, 0.0, -169.77039885803467, 0.0, 114.02067819812062, 0.0, 38.242147526654776, 0.0, 0.0, -512.7318942124438, 0.0, 114.02067819812062, 0.0, 0.0, 0.0, 0.0, 0.0, -266.8497184165126, -338.0792367830482, -157.35066313674233, 296.3889389537353, 0.0, 154.1589861248633, 0.0, 0.0, -2790.548188960628, 0.0, 0.0, 2446.7710174676167, 0.0, 12.902781885555024, 0.0, 0.0, 186.01518692198258, 0.0, -274.2628182947843, 306.00203202860183, 0.0, -2776.0476961963755, 0.0, -1390.0294308776024, 1894.4424861007308, 975.2300620178788, 7.040430504329942, 0.0, -213.5069864675056, 93.21058551833539, 4.013491669338449, -33.10490856706383, 0.0, 26.168155142871, 0.0, 0.0, -5.243843232066767, 10.353634235978088, 0.0, 11.807048315093533, -161.36667266406457, 0.0, 7.715800818017967, 2.55460060040645, 0.0, 0.0, -16.797675243982273, 0.0, 56.439418831610254, 2.281260026936043, 31.26779586375147, 38.48375575604848, 0.0, 20.171430134884268, 0.0, 38.4986023683962, 0.0, 24.604509255128047, 0.0, 0.0, 0.0, -112.90613570104838, -54.81395771670251, 13.601543570264603, 7.295933616461459, 0.0, 62.51597295520883, 0.0, 49.45844077611478, -125.03895242443272, 0.0, -69.00324223075765, 0.0, -101.6174868205456, 164.64976387563925, 2.845308923232364, -55.635993401414865], [139.61789867402706, 366.1023476789027, 0.0, 0.0, -1062.4233077291624, 0.0, 0.0, 366.1023476789027, 0.0, 0.0, -1062.4233077291624, 139.61789867402706, 0.0, 0.0, 0.0, 0.0, -1062.4233077291624, 0.0, 13.300435663238561, 0.0, 0.0, 91.18452892053483, 0.0, 0.0, 0.0, 0.0, -1179.7343222824259, 0.0, 0.0, 575.6309348250193, 0.0, 0.0, 1933.7786196294305, 0.0, 0.0, -3359.5221470778442, 45.31544622140309, 220.2635362634442, -584.8606344497931, 0.0, 0.0, 0.0, 1127.1093982978784, 0.0, 0.0, 3032.844401120529, 0.0, 0.0, -8169.555247589168, 48.714410510791645, 167.0911201826915, 0.0, 0.0, 12.828263992900983, 0.0, 0.0, 0.0, 0.0, 0.0, 29.061012008050692, 0.0, -254.19142397671627, 0.0, 0.0, -522.3915742665009, 0.0, 42.771398887000636, 0.0, 0.0, 20.56892894513858, 0.0, 0.0, 0.0, 0.0, 0.0, -160.52410978616348, 0.0, 0.0, 0.0, -165.7279130728336, 0.0, 0.0, 0.0, 0.0, 0.0, 111.14596652627321, 0.0, -25.799494265424997, 0.0, -51.39676270099388, 221.46837367203364, 0.0, 0.0, 126.5918077797791, 0.0, 216.3016520151585, 0.0, 0.0, 0.0, 0.0], [136.64804894089684, 0.0, 114.02067819812062, 0.0, -446.8702721959755, 136.64804894089684, 0.0, 0.0, 114.02067819812062, 0.0, -446.8702721959755, 0.0, 136.64804894089684, 0.0, 0.0, 114.02067819812062, 0.0, -446.8702721959755, 0.0, 0.0, 0.0, 0.0, 0.0, 0.0, 0.0, 131.8354288010283, -985.4012946491808, 0.0, 748.4924526821455, 0.0, 0.0, 758.3607109974268, 0.0, 0.0, -1943.8581632821717, 0.0, 42.236987541673265, 0.0, 0.0, -205.68827219283418, 0.0, 0.0, 1150.9867169358117, 0.0, 0.0, 0.0, 975.2300620178788, 0.0, -3601.023368045342, 61.6407806675561, 0.0, 55.24577045203607, 0.0, 13.250761892286121, 0.0, 0.0, 0.0, 0.0, 0.0, 3.415727455008405, 0.0, 0.0, 0.0, 0.0, 0.0, 0.0, 72.81189249165195, 0.0, 0.0, 12.551807755326845, 0.0, 0.0, 10.638400108078237, 0.0, 0.0, 0.0, -72.47208281052103, 0.0, 0.0, 0.0, -71.82768167613632, 0.0, 0.0, 0.0, 0.0, 44.93528612966027, 0.0, -15.641542968253166, 0.0, -44.06975777857848, 0.0, 108.89926219221248, 0.0, 0.0, 50.05471110544652, 0.0, 68.95820557754344, 0.0, 0.0, 0.0], [-25.304496569045806, 2.760063058730598, 0.0, 0.0, 13.300435663238561, 0.0, 0.0, 2.760063058730598, 0.0, 0.0, 13.300435663238561, -25.304496569045806, 0.0, 0.0, 0.0, 0.0, 13.300435663238561, 0.0, -25.304496569045806, 0.0, 0.0, 2.760063058730598, 0.0, 0.0, 0.0, 0.0, 0.3027821405786275, 0.0, 0.0, -50.18801435897035, 0.0, 0.0, 7.071001457192347, 0.0, 0.0, 33.02119948504708, -6.414267949042624, 0.7991044503024991, 3.305249497224761, 0.0, 0.0, 0.0, -186.40467361811912, 0.0, 0.0, 21.150585897214828, 0.0, 0.0, 101.66204785223447, -4.611673720158891, 0.951643247485491, 0.0, 0.0, -0.009445569252387431, 0.0, 0.0, 0.0, 0.0, 0.0, 0.47601010201385663, 0.0, 6.722853588822822, 0.0, 0.0, 5.326326309074407, 0.0, -0.145930949167983, 0.0, 0.0, 0.010787783595840511, 0.0, 0.0, 0.0, 0.0, 0.0, 2.19470365592377, 0.0, 0.0, 0.0, 2.2960105778706166, 0.0, 0.0, 0.0, 0.0, 0.0, 0.4892290292270604, 0.0, 0.24566248531796292, 0.0, 0.2877152575957346, 2.788106516501923, 0.0, 0.0, 0.7437381342332319, 0.0, 1.699019131233084, 0.0, 0.0, 0.0, 0.0], [23.481165743928145, -444.9849167916956, 0.0, 208.1267278200353, 0.0, 0.0, 0.0, 0.0, 0.0, 0.0, 0.0, 23.481165743928145, 0.0, -444.9849167916956, 0.0, 0.0, 0.0, 0.0, 0.0, -444.9849167916956, 0.0, 0.0, 208.1267278200353, -88.45827487811147, 0.0, 0.0, 0.0, 51.95917743327143, 0.0, 0.0, -1166.2124534891936, 0.0, 0.0, 874.9806396378276, 0.0, 0.0, 5.751624095933, -206.13067803876172, 105.37652621960174, 0.0, 0.0, 0.0, 175.70727823034696, -3321.447323952424, 0.0, 0.0, 0.0, 1672.0341564662956, 0.0, 5.99710013736512, -102.10554999491023, 0.0, 44.623713879200366, 0.0, 0.0, 0.0, 0.0, 0.0, -195.33270970370717, 0.0, 0.0, 91.28224060740348, 0.0, 0.0, 0.0, 0.0, 0.38672671187157825, -5.118849272042707, 0.0, 0.0, 0.0, 0.0, 0.0, 33.694607470206975, 35.322411593657904, 0.0, 0.0, 0.0, 0.0, 40.51039001777933, 0.0, -79.15418552974165, 0.0, 0.0, 0.0, 0.0, 6.51932067686127, 0.0, 1.201151440608, 14.004566149223187, 66.00635765018671, 0.0, 0.0, -119.56469576826144, 0.0, -330.88648404528095, 0.0, 154.09830713513227, 0.0, -59.25350373487805], [13.05764614028412, -270.0872205134902, 0.0, 134.05487070735376, 0.0, 0.0, 0.0, 0.0, 0.0, 0.0, 0.0, 13.05764614028412, 0.0, 0.0, 0.0, 0.0, 0.0, 0.0, 0.0, 0.0, -270.0872205134902, 0.0, 0.0, -45.2116512259668, 0.0, 0.0, 0.0, 28.746965103170673, 0.0, 0.0, -715.457721512365, 0.0, 0.0, 563.2530920867573, 0.0, 0.0, 3.2960408062339903, -129.82269389127168, 64.84792697782598, 0.0, -196.64276941126406, 0.0, 97.19896876648296, -2005.4499439248584, 0.0, 0.0, 0.0, 1074.6193404856929, 0.0, 0.0, -54.32622635500197, 0.0, 27.007172010370446, 0.0056139948421525965, -0.3290626334888216, 0.32336031261454456, 0.0, 0.0, -120.5146990405479, 0.0, 0.0, 59.28901304613939, 6.914021887957544, 0.0, 0.0, 0.0, 0.0, 0.0, 0.0, 0.0, 0.1410612502554151, 0.0, 0.0, 19.466607533198676, 21.227869727699808, 0.0, 0.0, 26.028920065941154, 0.0, 0.0, 0.0, 0.0, 0.0, -46.32799875955111, 0.0, 0.0, 4.16760172601345, 0.0, 0.0, 8.403984097979148, 34.716838278115645, 0.0, 0.0, -64.86380303634938, 0.0, 0.0, 0.0, 102.89732512169346, 0.0, -38.91384398486649], [2.760063058730598, -123.96851709348549, 0.0, 0.0, 91.18452892053483, 0.0, 0.0, -123.96851709348549, 0.0, 0.0, 91.18452892053483, 2.760063058730598, 0.0, 0.0, 0.0, 0.0, 91.18452892053483, 0.0, 2.760063058730598, 0.0, 0.0, -123.96851709348549, 0.0, 0.0, 0.0, 0.0, 1.5810620030142795, 0.0, 0.0, 7.071001457192347, 0.0, 0.0, -384.6213392011149, 0.0, 0.0, 339.58155803591757, 0.7991044503024991, -65.29381064892605, 47.903701236443084, 0.0, 0.0, 0.0, 21.150585897214828, 0.0, 0.0, -961.3307381740456, 0.0, 0.0, 729.3478959566595, 0.951643247485491, -42.06231942275874, 0.0, 0.0, 0.0005805627547046794, 0.0, 0.0, 0.0, 0.0, 0.0, -20.04207601375116, 0.0, 13.292098239445304, 0.0, 0.0, 67.09905395609145, 0.0, 0.010787783595840511, 0.0, 0.0, -0.1268638405684984, 0.0, 0.0, 0.0, 0.0, 0.0, 15.236681081825267, 0.0, 0.0, 0.0, 18.72006650528315, 0.0, 0.0, 0.0, 0.0, 0.0, -24.977303936762045, 0.0, 3.1516660860654424, 0.0, 4.645520177781591, 10.267985116720762, 0.0, 0.0, -35.85567288953096, 0.0, -68.66835723422788, 0.0, 0.0, 0.0, 0.0], [5.870938876063816, 208.1267278200353, 0.0, -254.20533277020445, 0.0, 0.0, 0.0, 0.0, 0.0, 0.0, 0.0, 5.870938876063816, 0.0, 208.1267278200353, 0.0, 0.0, 0.0, 0.0, 0.0, 208.1267278200353, 0.0, 0.0, -254.20533277020445, 70.76925103117047, 0.0, 0.0, 0.0, 16.00931473128816, 0.0, 0.0, 874.9806396378278, 0.0, 0.0, -943.1528906507139, 0.0, 0.0, 1.4460665759517821, 105.37652621960174, -124.6390209504947, 0.0, 0.0, 0.0, 45.10243841874632, 1672.0341564662954, 0.0, 0.0, 0.0, -2000.3130235873275, 0.0, 0.7907129044107286, 44.623713879200366, 0.0, -49.62319695131022, 0.0, 0.0, 0.0, 0.0, 0.0, 91.28224060740348, 0.0, 0.0, -124.82897755301903, 0.0, 0.0, 0.0, 0.0, 0.22309632692794676, 3.824743719310582, 0.0, 0.0, 0.0, 0.0, 0.0, -37.171029040864575, -41.81850420288838, 0.0, 0.0, 0.0, 0.0, -45.097444710167736, 0.0, 54.72652015696126, 0.0, 0.0, 0.0, 0.0, -6.711205667387981, 0.0, -1.2345211721217315, -14.394120661437409, 14.004853723465288, 0.0, 0.0, 66.97324836742163, 0.0, 154.09830713513227, 0.0, -195.5229299121732, 0.0, 24.253999615108565], [305.7354529221767, -363.2154373252541, -3924.1528369168154, 3449.868745105192, 0.0, 288.4286624020052, -1686.6433525736218, 0.0, 0.0, 1602.7016228245525, 0.0, 6.299852726280361, 35.2116675536748, -185.54203744633003, -387.18689849154174, -266.8497184165126, 0.0, 0.0, 0.0, -88.45827487811147, -45.2116512259668, 0.0, 70.76925103117047, -44253.34983024965, -2649.1039273321053, 0.0, 0.0, 37.407496844335896, 1546.3909822287496, 0.0, -2702.1482995882157, -31625.85946280763, 0.0, 2599.450097180668, 29284.504721167872, 0.0, 68.80664337020606, -228.13784130755568, 193.53911405390687, 1294.2336823684539, -69.55538010368858, -1232.226653907936, 2538.0743373613886, -3114.946439484954, -34009.622732184944, 0.0, 0.0, 30778.56874056859, 0.0, 47.06096851294151, -103.47842436382393, -1025.1470829148757, 953.0032328367425, 72.52230670213305, -461.7840016529989, 20.85158428922674, 692.478152104517, -56.29397000621399, -29.567949894770745, 0.0, 29.99810401076435, 24.30357647024756, 19.201660793173943, -728.7505324232358, 0.0, 57.03653143854508, 66.39655783844621, -29.019260675384984, -701.6356992423314, 0.0, 5.254758609774093, 523.2565772825494, 0.0, 514.5406845261432, 684.9939735160244, 0.0, 0.0, 12.804745511624834, 206.58732361837227, 33.49890522066542, 233.15963514462118, -135.0263716204986, -1091.5772443076148, -41.64385903289071, -1012.7065340078924, 0.0, 233.64738046860765, 0.0, 30.209715366452688, 935.7611674693259, 17.18995120467462, 201.57316710090757, -1092.9226079656114, -212.50338623592737, -1301.4781594488138, -175.58788703519267, -1824.5547544236606, 2929.451985970543, 41.16739295720502, -824.7594207361217], [148.87216964582174, 0.0, -2063.6729629960328, 1698.4877302733153, 0.0, 137.06920855557755, -1818.3721735403203, 0.0, 0.0, 0.0, 0.0, 0.0, 16.323141862073534, 0.0, 0.0, -338.0792367830482, 0.0, 0.0, 0.0, 0.0, 0.0, 0.0, 0.0, -2649.1039273321053, -3581.147773781642, 0.0, 0.0, 0.0, 869.3161879271635, 0.0, 0.0, -20404.91904833371, 0.0, 0.0, 19173.819721906384, 0.0, 48.04248776372594, 0.0, 0.0, 811.0678188501545, 0.0, -1588.8848444068367, 1247.0865685045092, 0.0, -18267.658668614684, 0.0, 0.0, 15460.235119904719, 0.0, 0.0, 0.0, -745.6671061150728, 646.5745092583203, 12.8536127559619, -286.175510249299, 0.0, 263.3658551285807, 0.0, 0.0, 0.0, 38.58362298868314, 0.0, 70.96207609317052, -925.184417935478, 0.0, 50.51681647993658, 0.0, 0.0, 0.0, 0.0, 0.0, 470.4549225018868, 0.0, 208.29949453248653, 326.89037434052204, 0.0, 0.0, 0.0, 300.1726557061983, 0.0, 0.0, 0.0, 0.0, 0.0, -1110.8335483494757, 0.0, 161.43489653065714, 0.0, 0.0, 554.2364000986639, 0.0, 94.08986436734108, -879.2943702991221, 0.0, 0.0, 0.0, 0.0, 1323.9885059635003, 16.470055951679807, -341.3197120930282], [29.799522245423773, 0.0, -387.87643627587534, 0.0, 322.59101221224574, 29.480957567068735, 0.0, 0.0, -366.65631316831775, 0.0, 304.49081394213647, 0.0, 11.909404816885239, 0.0, 0.0, -157.35066313674233, 0.0, 131.8354288010283, 0.0, 0.0, 0.0, 0.0, 0.0, 0.0, 0.0, -600.5022139628032, 947.892167772761, 0.0, 204.63941554492382, 0.0, 0.0, -3387.7684179644175, 0.0, 0.0, 3111.2106006608456, 0.0, 7.580014570379155, 0.0, 0.0, 146.92313758948137, 0.0, 0.0, 255.56044485818063, 0.0, 0.0, 0.0, -3402.648752491638, 0.0, 2884.3234454915173, 13.235585302849907, 0.0, -168.89973415678384, 0.0, 5.7027722681671404, 0.0, 0.0, 0.0, 0.0, 0.0, -6.595650682338539, 0.0, 0.0, 0.0, 0.0, 0.0, 0.0, 5.9036859404678586, 0.0, 0.0, -45.84616452852914, 0.0, 0.0, 4.023883507773187, 0.0, 0.0, 0.0, 60.68033822005137, 0.0, 0.0, 0.0, 79.13110427529381, 0.0, 0.0, 0.0, 0.0, -185.65882220573388, 0.0, 27.793582593430646, 0.0, 78.29976804954333, 0.0, 18.4497801477359, 0.0, 0.0, -160.66828774248964, 0.0, -241.748897875302, 0.0, 0.0, 0.0], [1265.5865457345187, 1021.933706774304, 667.3620948158097, 0.0, -4694.170666204358, 817.5589346183835, 0.0, 1007.878682499709, 665.6382541132102, 0.0, -4669.516868530055, 234.17295578358292, 350.220833225138, 0.0, 0.0, 296.3889389537353, -1179.7343222824259, -985.4012946491808, 0.3027821405786275, 0.0, 0.0, 1.5810620030142795, 0.0, 0.0, 0.0, 947.892167772761, -12308.60690450398, 0.0, 5208.715490127185, 2588.61884997677, 0.0, 5485.950253175178, 7664.703558953394, 0.0, -12454.582639569762, -11905.963636443319, 369.38560787869915, 638.9347007355958, -1410.8388714116459, -962.2188639972992, 0.0, 0.0, 10773.1170708068, 0.0, 0.0, 8834.539450694063, 5836.943602597647, 0.0, -38304.19558299178, 523.2064278481134, 474.86100351807886, 303.82203250686337, 0.0, 162.7592663304346, 0.0, 0.0, 0.0, 0.0, 0.0, 40.20165965071456, 0.0, -200.74669064568147, 0.0, 0.0, -1163.498321191685, 0.0, 668.9347406970907, 0.0, 0.0, 214.25051351306, 0.0, 0.0, 57.2809998018373, 0.0, 0.0, -383.59051675409586, -366.0468717761341, 0.0, 0.0, -434.6453812704636, -387.1403256186275, 0.0, 0.0, 0.0, 0.0, 722.161311776142, 0.0, -250.50865340859391, 0.0, -566.5441979081756, 425.0254438841831, 438.0297217648835, 0.0, 392.7813359483695, 286.75026329044977, 676.7039357097086, 417.26407019845806, 0.0, 0.0, 0.0], [-802.2652595750266, 317.50051431323203, 0.0, 395.97036993261446, 0.0, 0.0, 0.0, 0.0, 0.0, 0.0, 0.0, -615.7346332865437, 0.0, 164.05572992839026, 0.0, 0.0, 0.0, 0.0, 0.0, 51.95917743327143, 28.746965103170673, 0.0, 16.00931473128816, 37.407496844335896, 0.0, 0.0, 0.0, -4003.257907781991, 0.0, 0.0, 1437.7449818907814, 0.0, 0.0, 2430.8774675973173, 0.0, 0.0, -249.790383198192, 98.12924169931934, 124.05837778867003, 0.0, 75.8920692886932, 0.0, -6591.136015373548, 2592.3710579900508, 0.0, 0.0, 0.0, 3360.264269223616, 0.0, -183.82870828187916, 98.52830135229696, 0.0, 105.93900229938487, -32.50594826146028, 1.4294093051709662, 21.268995873003572, 0.0, 0.0, 68.00500196958232, 0.0, 0.0, 105.89020859090334, -89.28825201554537, 0.0, 0.0, 0.0, -183.12297070646287, 37.38243422360876, 0.0, 0.0, 1.2377012055524554, 0.0, 0.0, 36.79516091917508, 75.12237526445378, 0.0, 0.0, 15.275663134230667, 0.0, 77.25975090712038, 0.0, 61.612280137603946, 0.0, 23.29523248675544, 0.0, 0.0, 24.576268090999143, 0.0, 4.109965002407358, 52.3236083317083, 36.45694055434601, 0.0, 0.0, 92.27714959777971, 0.0, 145.37280448507943, 0.0, 331.04445913895415, 0.0, 54.67189972971132], [-6082.442289879695, 0.0, 2341.3005759546727, 1582.542907086713, 1759.235091617408, -5900.781209619638, 745.1521622255698, 0.0, 163.2806220395521, 1179.9985530040826, 1745.7922580043175, 0.0, -1552.7356296659298, 0.0, 227.91494048728592, 154.1589861248633, 0.0, 748.4924526821455, 0.0, 0.0, 0.0, 0.0, 0.0, 1546.3909822287496, 869.3161879271635, 204.63941554492382, 5208.715490127185, 0.0, -43475.559314119135, 0.0, 0.0, 14647.145166289012, 0.0, 0.0, 27978.50960482225, 0.0, -1570.531316217794, 0.0, 0.0, 823.6235792440577, 0.0, 599.0480261063202, -52421.14734983198, 0.0, 18428.403147811863, 0.0, 1423.6650355265845, 14222.123090594987, 15373.573297452796, -1898.1688648218567, 0.0, 817.4472989922323, 560.2708588694375, -705.5534951729861, 68.75691658203824, 0.0, 203.5070634592396, 45.00778292652355, 0.0, 2.4255780455316045, 3.0463858162371067, 0.0, -521.248058938106, 867.2112925022, 0.0, -499.3152211524202, -2488.011961695048, 0.0, 585.9520841551379, 33.572485863443774, 0.0, 213.6184491194765, -170.8284038936089, 108.71993882587722, 307.69763490086643, 0.0, 328.5951137289591, 0.0, 60.19671944514