"{\"x\": [-4.743922294281733, -4.046562175638703, -2.9737207068214775, 0.6861507416133711, 0.1629957466898747, -0.3136516939415916, 0.5437516600002688, 0.8122916363418043, -0.1250383708244966, -0.09335597008893526, -0.05564628408822476, 0.24254671198354913, -0.20739857124755975, 0.35074143137756475, -0.19685205616898074, -0.16698659499705762, 0.2823386145107828, 0.42118827561782, 0.13185772707351778, 0.4252163437830084, 0.6862851481079462, 0.6869160825820763, 0.46515745691138527, 0.9346134286188903, -0.3672161575318505, -0.8530165572118014, 0.17262591844620684, 0.2056758239323122, 1.0080368227248149, 0.411390000289056, 0.8191704734078117, -0.5482919331664803, 0.49311710371966255, 0.4347409271436107, 0.3443397728771875, 0.8420463560305134, -0.7002415344671641, 0.30216056525495966, -2.299142018036941, -4.3438423624829126, -4.5219000042018, -1.9140843031241948, -5.011935791467944, -3.5428242551738536, -1.3594918938392815, -5.501736287802982, -2.505028011765368, 2.2319795641721285, -0.35874561297814106, 2.6216761071187564, -0.5679403385239322, -0.11824039287031132, -0.33835668494443194, 0.1375287290400668], \"success\": true, \"status\": \"Algorithm optimized\", \"fun\": -55712.991442302344, \"jac\": [-0.003902527883832718, 0.006369169433767752, -0.01614811686366835, 0.0009993950978711141, -0.00640149149932745, 0.0009641973512937163, -0.0010859832905492084, -0.002605315565501698, 0.018777367729555294, -0.0034829312865980455, -0.0016332958210272253, -0.005161877357302558, -0.00022949084740275794, -0.010506922485859604, 0.0006094198038528731, 0.004820692803463089, 0.0022489040038449204, 0.00337253598386944, -0.007295138355882358, 0.003992257168384583, 0.029979166026254944, -0.057666192902956936, -0.001415135671243739, 0.0022944721378337363, -0.00488503464339729, -0.0020802356186487847, 0.0011193673425111683, -0.004793301145014084, 0.0018473686245195076, -0.0003396948936118527, -0.0015526004451871245, 0.002215675680554696, -0.003202847399829345, -0.0016592074367807186, -0.00782198510638743, -0.0016033163811006723, -0.00012015902430517755, 0.0005232804754875531, -1.2176329409641085e-05, 0.0012339521482265248, -0.0030009037225320334, -0.0014131708363929185, -0.00045339071527439323, -2.562600643790658e-05, -0.0011455197688016727, 0.006089975428766881, 0.0029275049136616715, 0.005124079925620251, -0.008469689087046817, 0.0032072493093826537, -0.005583067516292672, -0.0003893900323488353, -0.002483806308884784, -0.0013421516079903384], \"hess\": [[-2219.696921073597, 847.4314187959329, 993.2136553506858, 79.90286627631995, 81.79327445368126, -118.13620826677165, 49.073318226175076, 48.09201624725131, 839.5376197085513, 1947.2739736347594, -251.35792242852483, 93.4498388228861, 630.7877140134173, 822.8540691318523, -1652.0323462830193, 645.1328831175642, -750.3262168563216, 293.519686251048, 343.44354128617397, -8150.291227538405, 3089.421658648359, 4550.228126895387, -1519.8898303401365, 690.0081054696694, 597.8493718622847, -680.5815285151579, 255.10158938908756, 305.44500138899235, -201.49209377505736, 80.33848904389183, 98.36302905728216, 57.584204232692514, 74.14527499094402, -940.1952090612889, 346.8915026676089, -698.9742388336692, 231.1917639425186, 398.8413970628135, -663.9459097414427, 203.5371082332515, 167.88351287398032, 186.88322024504714, 38.12522700981746, 7.687493144258663, 97.25315348550177, 134.88875457875665, 275.38034087813406, 478.92142431288823, 291.84054347175953, 268.08526913226103, 89.4129315977972, -1302.2435874030318, -275.78724729312313, 106.12697428254951], [847.4314187959329, -11320.633255431881, 6835.89878740983, -1966.4601615253332, 1210.014844469966, 49.073318226175076, -1348.056472097667, 883.2772265939898, -11772.140279659485, 11179.836794530003, 108.77210141417716, 952.4263517839718, -8362.346225376825, 5127.163594282009, 645.1328831175642, -9037.096789115198, 293.519686251048, -3503.8250646251627, 2243.8346320817964, 3089.421658648359, -47356.135935725644, 39898.67185967836, 690.0081054696694, -7568.2630772402135, 4355.756637984552, 255.10158938908756, -5875.558276289063, 3613.7052458489716, 80.33848904389183, -790.3878219429266, 589.7525997470666, -1404.696754546302, 806.7026669659191, 400.58575316473, 3399.829825062367, 231.1917639425186, -1717.2740161343509, 1259.6296981412377, 248.34442219703078, -2876.7824291499714, 1157.9447207916992, 1465.8132071231178, 335.41110483602375, 64.38110259697335, 809.6132188416202, 1173.5578406632812, -3511.812717007459, -6368.483656247726, 3839.719424245166, -3448.5106359347437, 1918.6713452278107, 747.0066934451493, 106.12697428254951, -1791.0702905779265], [993.2136553506858, 6835.89878740983, -10764.076584946895, 1210.014844469966, -1883.8594264013045, 48.09201624725131, 883.2772265939898, -1394.4650545470727, 9626.322274958002, -15737.060181926834, 93.4498388228861, -1416.869613153898, 5127.163594282009, -8256.964090655338, 702.6949039292737, 5376.927088071169, 343.44354128617397, 2243.8346320817964, -3265.1413493238615, 4550.228126895387, 39898.67185967837, -48320.929377739856, 597.8493718622847, 4355.756637984552, -5933.700399169481, 305.44500138899235, 3613.7052458489716, -5648.091216112452, 98.36302905728216, 589.7525997470666, -792.3100833883577, 806.7026669659191, -1469.5219026108916, 346.8915026676089, -5300.025697847214, 398.8413970628135, 1259.6296981412377, -1902.900275976774, 368.6607859196254, 2310.9646756851457, -1680.581837420155, -1928.78002721118, -381.64077537753406, -73.33996879370059, -925.2367009043331, 1014.4913797400864, 2426.7776520337375, 3839.719424245166, -4902.51909968078, 1918.6713452278107, -2229.437179330369, 381.2534750695568, 122.1945737088693, 1097.093529698448], [79.90286627631995, -1966.4601615253332, 1210.014844469966, -1966.4601615253332, 1210.014844469966, 0.0, 0.0, 0.0, -1160.1177436822113, 157.72736828331801, 12.37791390529366, 183.76290392337674, -1425.5399964032376, 876.0676421789724, 61.57241832151593, -1489.0427245889618, 24.814330489720227, -531.1060199800846, 330.62749684843675, 228.18828090572433, -6117.629274092051, 5079.978228963366, 0.4329187589233342, -4.951582829627932, 2.9541700789557592, 22.290838111687858, -993.5468310848669, 638.618691804131, 0.7138703228210727, -13.446859271525726, 10.218009964505717, -782.5373322753899, 485.8549400829288, 43.928335375424616, 575.4758506216743, 0.5377259484017347, -8.838718605856057, 7.326903398848876, 18.615863709013173, -384.5216704487187, 208.9683557179138, 260.6946590537799, 42.87415391108396, 7.3057823841622715, 70.49969402648829, 222.07166239133164, -505.4936592558418, -1029.6318996630268, 631.7972853072099, -741.1930561179685, 436.952051128133, 72.0720771153707, 9.525013552052275, -290.05446403404494], [81.79327445368126, 1210.014844469966, -1883.8594264013045, 1210.014844469966, -1883.8594264013045, 0.0, 0.0, 0.0, 932.884149274044, -183.27835966349198, 10.766749143261224, -258.887218013516, 876.0676421789724, -1423.3117533204345, 59.73460340222603, 918.8900760939351, 20.130932429884638, 330.62749684843675, -457.0714277135401, 256.4845843585155, 5079.978228963366, -6078.675842053066, 0.1337524547818953, 2.9541700789557592, -3.3252871010160208, 23.053041407421432, 638.618691804131, -962.7400437968345, 0.7686404695829814, 10.218009964505717, -12.55817417593712, 485.8549400829288, -857.7072315591047, 37.75582924918895, -808.0721734562012, 0.9363375528445903, 7.326903398848876, -9.384342133067817, 20.747505023643512, 302.8445435596111, -301.09611730915765, -331.3441769717837, -46.617411371346336, -7.860411990108928, -75.51354885527081, 199.0906126749437, 352.45194638719215, 631.7972853072099, -851.2425630829587, 436.952051128133, -521.351311382502, 33.722024771294805, 8.341033143072291, 177.8338992382996], [-118.13620826677165, 49.073318226175076, 48.09201624725131, 0.0, 0.0, -118.13620826677165, 49.073318226175076, 48.09201624725131, 35.34810819665703, 5.013689364162803, -11.97076408876381, 4.808469821390039, 38.485295167100695, 38.68068777517653, -103.78761011932076, 42.799395267797166, -24.0936705646331, 11.037255020008555, 9.79412123303384, -305.32715839758146, 136.09578240154306, 145.90122933041945, -84.77920155669139, 44.84566307197646, 26.79263226996012, -32.74048723317911, 11.88190847482947, 15.330777552108655, -4.13693887529452, 1.942545399828942, 1.8601638549090151, 0.46483484848955103, 0.4398465439728166, -92.85893806598281, 37.34122000465762, -9.538783681478865, 4.0052904648837435, 4.557215908223579, -25.223821849751513, 8.906892856350902, 7.123720432163706, 8.154596379839782, 0.9065962031928166, 0.16254500042592773, 2.020604661857667, 6.219331762331435, 12.91348488825168, 26.43381727813694, 12.12920450380296, 18.283193034037925, 5.2337628473996505, -70.99547578528805, -12.996735626428395, 5.3315993868124405], [49.073318226175076, -1348.056472097667, 883.2772265939898, 0.0, 0.0, 49.073318226175076, -1348.056472097667, 883.2772265939898, -1068.2139678868862, 97.91384132994438, 4.728266391296689, 103.40920490495012, -1045.6913400676317, 689.0923935104368, 42.799395267797166, -1217.456745058234, 11.037255020008555, -268.23638310552207, 194.04938646107058, 136.09578240154306, -4484.2749949219715, 3896.597005930833, 44.84566307197646, -1073.0775469734615, 674.2744573487493, 11.88190847482947, -655.211262691687, 450.3703079925961, 1.942545399828942, -41.88603395924107, 33.16759601415723, -15.62102874533623, 12.564275891816912, 38.42472999548919, 701.1176779595847, 4.0052904648837435, -52.35194054753194, 39.69654918312456, 11.069712858214967, -273.024164239861, 138.50382987741145, 176.28042545932763, 30.455875071078555, 5.666667807168742, 60.87936559280117, 121.23358056155968, -362.01994850178454, -709.1427427901957, 468.14720790223066, -457.31473582225783, 280.07143423039, 44.717010312174864, 5.3315993868124405, -200.82440641221825], [48.09201624725131, 883.2772265939898, -1394.4650545470727, 0.0, 0.0, 48.09201624725131, 883.2772265939898, -1394.4650545470727, 905.3075892430777, -125.378428979362, 4.808469821390039, -165.25937058036388, 689.0923935104368, -1094.8101847110192, 42.16463733178313, 796.9421760360383, 9.79412123303384, 194.04938646107058, -263.2299909552835, 145.90122933041945, 3896.597005930833, -4564.064532125722, 26.79263226996012, 674.2744573487493, -858.3325448670929, 15.330777552108655, 450.3703079925961, -723.8969613758264, 1.8601638549090151, 33.16759601415723, -39.27109651984708, 12.564275891816912, -15.693602974323781, 37.34122000465762, -1122.9099163552414, 4.557215908223579, 39.69654918312456, -51.82099979840785, 12.001343220415631, 226.98023560298537, -194.87487604594057, -221.60984162858833, -31.876332047838396, -5.899213132031336, -64.53828660021361, 136.8541249499272, 262.21661889327333, 468.14720790223066, -568.9802653907577, 280.07143423039, -313.9935507042892, 17.36296735120261, 5.357601296334565, 132.35820201856396], [839.5376197085513, -11772.140279659485, 9626.322274958002, -1160.1177436822113, 932.884149274044, 35.34810819665703, -1068.2139678868862, 905.3075892430777, -68811.76397637342, 25568.377551652415, 90.43530782063385, 1358.09887418882, -9274.613459031763, 7587.151768673176, 589.1917698448492, -8772.458765558753, 272.3052038357552, -3832.345082685945, 3246.9762428408053, 4403.778680167744, -99438.03012890363, 93157.88609456681, 752.9323487889516, -9444.566824371152, 7680.156762120885, 220.22894102233514, -5392.8562717671975, 4499.496219411329, 139.9634846841361, -1701.773755043362, 1442.0473281758132, -780.467469493789, 602.7398262699722, 246.3108707308394, 3475.3386734312467, 314.7502154256335, -3155.591619745994, 2755.544598124471, 353.98046693160785, -5831.4844237310845, 1844.2276493052468, 1865.3254766869738, 765.8751346489463, 168.52856227471403, 2549.7704399422178, 495.5572498123472, -5586.067340799676, -7372.137393071907, 6073.094709901643, -4400.002886587581, 3553.2275650563615, 839.5376197085513, 117.0473953393099, -2029.712755513702], [1947.2739736347594, 11179.836794530003, -15737.060181926834, 157.72736828331801, -183.27835966349198, 5.013689364162803, 97.91384132994438, -125.378428979362, 25568.377551652415, -47189.73464424262, 153.68025783831132, -1974.319516642854, 8532.17408697374, -12225.589196873472, 1274.68206066505, 8284.199077603256, 730.2926094109787, 4354.403263066776, -5821.953490203805, 11292.531879273425, 97027.29251436672, -112105.39366173565, 1365.487359868086, 8866.730390838771, -11430.738792910535, 562.5175444271457, 5566.938121836029, -7738.981679661033, 229.2123674931392, 1507.0971069307623, -1884.6475853763357, 628.7447462432114, -1058.4177222184655, 485.14810426423315, -6102.854174893699, 1026.1758316648318, 3439.714031854215, -4833.044319719057, 907.0139523607421, 5415.487615575846, -2621.883903721623, -2961.644740213957, -1111.9661813212317, -241.82333884369123, -2844.1602669092595, 983.9149709650903, 4748.088538140313, 6336.855430693683, -7635.775364164346, 3065.187730736043, -3435.703898458181, 814.2928020369757, 246.48797941725118, 1899.6471461377728], [-251.35792242852483, 108.77210141417716, 93.4498388228861, 12.37791390529366, 10.766749143261224, -11.97076408876381, 4.728266391296689, 4.808469821390039, 90.43530782063385, 153.68025783831132, -251.35792242852483, 93.4498388228861, 0.0, 0.0, -224.15884933167777, 95.51025598157217, -81.611624742685, 34.79160291512596, 32.65032996634912, -826.0991288677225, 371.1599136560612, 392.47182678312913, -166.56263698639572, 86.32654497678841, 49.6060025471465, -76.64341078810803, 30.610284727734822, 31.36958180124539, -8.558710419120661, 3.99518844435843, 3.630711338891386, 1.4092552130973133, 1.4196367667557015, -181.39008665860695, 64.15271265170134, -27.655616012827988, 11.392831525429752, 13.400185800414654, -67.51532838881019, 23.911699896710463, 14.323664486698807, 17.85861822776065, 3.1264670561015135, 0.54875288370374, 7.213722014275548, 16.524494942737928, 33.52241888221627, 63.48530158080964, 22.966084566979383, 29.747307164520674, 4.953941352446657, -141.39241058751327, -31.030660869963118, 13.131562797963467], [93.4498388228861, 952.4263517839718, -1416.869613153898, 183.76290392337674, -258.887218013516, 4.808469821390039, 103.40920490495012, -165.25937058036388, 1358.09887418882, -1974.319516642854, 93.4498388228861, -1416.869613153898, 0.0, 0.0, 83.49871692938902, 845.3282405512141, 32.65032996634912, 320.9497648048847, -447.3201082620517, 392.47182678312913, 5687.006764907126, -6563.658807502269, 49.6060025471465, 574.5650132920979, -761.3159649429621, 31.36958180124539, 508.86889490049725, -755.208767343699, 3.630711338891386, 39.302253437254116, -48.67695507413056, 21.140383118080127, -28.97885097424116, 64.15271265170134, -1047.754388210172, 13.400185800414654, 67.16190572287837, -92.26297896358498, 31.781773790455468, 321.54311673813095, -211.64368734823222, -255.06613662697566, -51.81058047831196, -9.302681833317754, -125.83730788298101, 126.04225226597991, 340.58865651877835, 534.5924771929829, -645.9971564110328, 225.79868957837084, -251.7373390297182, 27.920025919426045, 11.772678922288824, 151.15027975711214], [630.7877140134173, -8362.346225376825, 5127.163594282009, -1425.5399964032376, 876.0676421789724, 38.485295167100695, -1045.6913400676317, 689.0923935104368, -9274.613459031763, 8532.17408697374, 0.0, 0.0, -8362.346225376825, 5127.163594282009, 450.0825317044058, -6331.698137992718, 226.3678449648352, -2618.143538937649, 1687.6351009398218, 2341.170753285681, -34735.101377594634, 29274.142560362543, 521.8280779635464, -5676.609758143604, 3350.7554715308347, 194.44583546478916, -4401.830297823847, 2711.6392722010564, 73.06849121300772, -705.4875519149301, 525.0785224988539, -1363.6619347614594, 779.369767197395, 235.0783078351002, 2096.650866931256, 210.580105389325, -1561.1599459926847, 1146.700536472553, 187.95887630001795, -2140.6557342791743, 873.6827236346949, 1097.8461115234252, 243.95610800313386, 48.20005108589875, 590.1082888477814, 840.3508538566479, -2615.972788021342, -4706.6555444391215, 2891.2191833541838, -2670.5920555917824, 1524.0310820030568, 565.2758802555796, 79.70680448559588, -1322.8665914402634], [822.8540691318523, 5127.163594282009, -8256.964090655338, 876.0676421789724, -1423.3117533204345, 38.68068777517653, 689.0923935104368, -1094.8101847110192, 7587.151768673176, -12225.589196873472, 0.0, 0.0, 5127.163594282009, -8256.964090655338, 548.320352903221, 3828.829150402902, 286.32058742267617, 1687.6351009398218, -2497.0080837117566, 3842.9323501121344, 29274.142560362547, -36151.5520873377, 511.5287121774789, 3350.7554715308347, -4621.01690428702, 250.27457241392773, 2711.6392722010564, -4334.855484354657, 91.94940916192536, 525.0785224988539, -711.3303818026197, 779.369767197395, -1431.2050966040538, 224.48114886195316, -3390.46994281382, 375.9475626333996, 1146.700536472553, -1747.9062582529907, 310.9730813263566, 1724.862886730302, -1296.6442589046621, -1470.733568170632, -282.7607801058338, -55.920057282482084, -689.0200533293272, 797.0393041932489, 1832.0915480210665, 2891.2191833541838, -3775.1288716628637, 1524.0310820030568, -1792.5216907819809, 337.39312140261876, 101.23621789539635, 827.5946083950552], [-1652.0323462830193, 645.1328831175642, 702.6949039292737, 61.57241832151593, 59.73460340222603, -103.78761011932076, 42.799395267797166, 42.16463733178313, 589.1917698448492, 1274.68206066505, -224.15884933167777, 83.49871692938902, 450.0825317044058, 548.320352903221, -1652.0323462830193, 645.1328831175642, -750.3262168563216, 293.519686251048, 343.44354128617397, -5679.202805000169, 2254.9579391161365, 3023.015421322886, -1114.6946303014345, 522.1270728778383, 404.5699354998537, -508.8429672116965, 194.4779015773427, 219.3052979444944, -146.13194791902072, 57.357287287600506, 70.71895983237418, 27.442896484781073, 38.84731993497131, -861.3875677126175, 319.0662646019869, -377.7601707103198, 130.2901895765718, 208.43406289670895, -464.48173123178515, 150.46934470741394, 115.39007292092363, 130.21272075872685, 24.683638311520834, 4.990971789817859, 61.895591578830775, 105.68798094963049, 206.5315060561372, 366.2381937925633, 196.42590867759603, 201.06303245323298, 57.544473423942264, -958.0713423643052, -203.58677275937148, 80.2797000969642], [645.1328831175642, -9037.096789115198, 5376.927088071169, -1489.0427245889618, 918.8900760939351, 42.799395267797166, -1217.456745058234, 796.9421760360383, -8772.458765558753, 8284.199077603256, 95.51025598157217, 845.3282405512141, -6331.698137992718, 3828.829150402902, 645.1328831175642, -9037.096789115198, 293.519686251048, -3503.8250646251627, 2243.8346320817964, 2254.9579391161365, -36189.46533504882, 30343.96559809749, 522.1270728778383, -6062.14780713786, 3412.379542384465, 194.4779015773427, -4727.543479002152, 2881.9999842748875, 57.357287287600506, -566.7010627705356, 414.6519988115017, -730.5105021851795, 431.33239657388725, 364.4946244470407, 3137.564188503636, 130.2901895765718, -985.8281368417664, 718.2013366262343, 181.81590283619758, -2225.7027762351745, 894.3832588592577, 1123.234323441875, 251.70204424431012, 48.80339662607285, 614.549168837206, 961.9699229028087, -2764.1909392036896, -5086.622461362912, 3026.247951579059, -2722.1416568948403, 1481.740747805297, 567.3012262457962, 80.2797000969642, -1421.4659034886356], [-750.3262168563216, 293.519686251048, 343.44354128617397, 24.814330489720227, 20.130932429884638, -24.0936705646331, 11.037255020008555, 9.79412123303384, 272.3052038357552, 730.2926094109787, -81.611624742685, 32.65032996634912, 226.3678449648352, 286.32058742267617, -750.3262168563216, 293.519686251048, -750.3262168563216, 293.519686251048, 343.44354128617397, -2899.646417861061, 1107.6912381518937, 1637.8689078036891, -529.0044807512296, 240.07683840510313, 216.16296266974794, -214.25981908622947, 82.27229924240946, 99.57740663198858, -51.21538894047692, 21.29719726885603, 25.46832559979378, 5.07163020878607, 8.11326312896565, -351.7901986472707, 132.81728790513435, -258.01722745427406, 87.47791547497016, 147.28534797405723, -236.1586358600702, 73.71309276940966, 57.685149376862775, 62.15486757047366, 13.643610290088283, 2.888695557771687, 36.965080771040775, 40.4574403874921, 101.11120094176326, 167.6298640361563, 95.36816194218243, 86.79076433847, 26.528852973167606, -423.40903771236543, -92.51937270975907, 34.822567218474866], [293.519686251048, -3503.8250646251627, 2243.8346320817964, -531.1060199800846, 330.62749684843675, 11.037255020008555, -268.23638310552207, 194.04938646107058, -3832.345082685945, 4354.403263066776, 34.79160291512596, 320.9497648048847, -2618.143538937649, 1687.6351009398218, 293.519686251048, -3503.8250646251627, 293.519686251048, -3503.8250646251627, 2243.8346320817964, 1107.6912381518937, -17066.797137514066, 14801.576954293787, 240.07683840510313, -2404.6554078207914, 1487.2981531491175, 82.27229924240946, -1708.8294711936705, 1129.3180545760345, 21.29719726885603, -215.4335649675511, 168.85356816248466, -119.06149544581713, 78.01750977137678, 154.1058835037577, 1259.9033387482668, 87.47791547497016, -658.2109154220686, 495.6516194216488, 89.14035771943281, -1019.9752120593647, 381.70937461538153, 456.2918858777176, 125.58077055714524, 24.728270427405032, 331.3208353572255, 309.05306457550955, -1196.7989885135703, -1986.2849770934363, 1267.7604037691538, -986.9761954827675, 586.3461425360199, 254.4206283746263, 34.822567218474866, -523.990462965865], [343.44354128617397, 2243.8346320817964, -3265.1413493238615, 330.62749684843675, -457.0714277135401, 9.79412123303384, 194.04938646107058, -263.2299909552835, 3246.9762428408053, -5821.953490203805, 32.65032996634912, -447.3201082620517, 1687.6351009398218, -2497.0080837117566, 343.44354128617397, 2243.8346320817964, 343.44354128617397, 2243.8346320817964, -3265.1413493238615, 1637.8689078036891, 14801.576954293787, -17365.41280835734, 216.16296266974794, 1487.2981531491175, -1971.707106592676, 99.57740663198858, 1129.3180545760345, -1599.21643934408, 25.46832559979378, 168.85356816248466, -214.11770475288506, 78.01750977137678, -127.09266197089748, 132.81728790513435, -1814.2063534522624, 147.28534797405723, 495.6516194216488, -722.2319335617766, 132.84959851700967, 850.2917660222657, -520.2050242626605, -580.9161014108429, -141.20417627871362, -27.909960588626546, -373.79060293290814, 240.49833302976285, 864.5997206869729, 1267.7604037691538, -1525.3978160929591, 586.3461425360199, -656.8282018574336, 121.89701491535003, 42.85067709557122, 347.7092833365848], [-8150.291227538405, 3089.421658648359, 4550.228126895387, 228.18828090572433, 256.4845843585155, -305.32715839758146, 136.09578240154306, 145.90122933041945, 4403.778680167744, 11292.531879273425, -826.0991288677225, 392.47182678312913, 2341.170753285681, 3842.9323501121344, -5679.202805000169, 2254.9579391161365, -2899.646417861061, 1107.6912381518937, 1637.8689078036891, -46783.0737644853, 16550.24100845498, 29354.30653516946, -5921.626843099442, 2578.3383798005916, 3027.616891161256, -2289.0162398130556, 855.7070700442865, 1274.76151647703, -862.6653478691424, 343.7260529648463, 486.30118279915285, 162.85323250130898, 244.82996339486868, -2778.13634173665, 1282.9004626157948, -3431.024310670687, 1074.7308053159993, 2241.5908741301755, -3685.9374638495924, 1021.2130049591087, 828.3032007994418, 908.7153672737286, 264.60371046210594, 56.290261570098416, 749.0532325002563, 227.16784718037172, 1153.8766391754227, 1733.4530378795673, 1506.4124239173996, 978.9181222079834, 497.42345295574415, -4941.685861131793, -1001.7006783858707, 388.7596958119413], [3089.421658648359, -47356.135935725644, 39898.67185967837, -6117.629274092051, 5079.978228963366, 136.09578240154306, -4484.2749949219715, 3896.597005930833, -99438.03012890363, 97027.29251436672, 371.1599136560612, 5687.006764907126, -34735.101377594634, 29274.142560362547, 2254.9579391161365, -36189.46533504882, 1107.6912381518937, -17066.797137514066, 14801.576954293787, 16550.24100845498, -421347.42972231325, 398077.5456404475, 2578.338379800592, -33677.99564096416, 28094.108197846574, 855.7070700442863, -22275.733174491976, 19027.150785005266, 343.7260529648464, -5209.95701571072, 4711.412515984451, -3849.231521894341, 3039.203344718655, 1250.1258690161922, 17893.18408444121, 1074.7308053159993, -11541.126226909466, 10121.56428432059, 1292.6409974387545, -22464.39632314752, 7479.273265829483, 9496.93722694329, 3500.011410370127, 714.5363685943009, 10133.803634347047, 1762.3350851203936, -18794.523883295053, -26578.981648742316, 22379.742184954077, -14479.470584935983, 12026.170544974348, 2712.3711600875504, 388.7596958119413, -7688.655504225957], [4550.228126895387, 39898.67185967836, -48320.929377739856, 5079.978228963366, -6078.675842053066, 145.90122933041945, 3896.597005930833, -4564.064532125722, 93157.88609456681, -112105.39366173565, 392.47182678312913, -6563.658807502269, 29274.142560362543, -36151.5520873377, 3023.015421322886, 30343.96559809749, 1637.8689078036891, 14801.576954293787, -17365.41280835734, 29354.30653516946, 398077.5456404475, -434020.9043286274, 3027.616891161256, 28094.10819784658, -32446.11399049834, 1274.76151647703, 19027.150785005266, -22554.646201728974, 486.30118279915285, 4711.412515984451, -5351.335984086288, 3039.203344718655, -4020.3002811499955, 1282.900462615795, -21173.224167841567, 2241.590874130176, 10121.56428432059, -12781.440309250676, 2315.15159976395, 20918.15039074618, -8820.50062151441, -10867.700968836836, -3785.0279702954304, -774.0759582220828, -10924.005628632805, 1690.0480762018603, 16581.94767161801, 22379.742184954077, -24876.085573472352, 12026.170544974348, -12802.108367945291, 2003.835876873144, 546.9620821911467, 6597.329778771221], [-1519.8898303401365, 690.0081054696694, 597.8493718622847, 0.4329187589233342, 0.1337524547818953, -84.77920155669139, 44.84566307197646, 26.79263226996012, 752.9323487889516, 1365.487359868086, -166.56263698639572, 49.6060025471465, 521.8280779635464, 511.5287121774789, -1114.6946303014345, 522.1270728778383, -529.0044807512296, 240.07683840510313, 216.16296266974794, -5921.626843099442, 2578.338379800592, 3027.616891161256, -1519.8898303401365, 690.0081054696694, 597.8493718622847, -422.96169121303046, 199.6687961672845, 157.54499670152242, -161.3989927520349, 73.91759083177242, 69.51753671322166, 28.14991742729038, 20.735969227958822, -599.4300762574519, 170.7674294220269, -551.8305787505185, 211.17409194430036, 291.8101237228981, -481.3699018524707, 170.35394666548623, 102.59128097750825, 106.97875448808577, 25.03572346232493, 5.320226950773939, 73.26811174721273, 82.73687046225034, 232.07746899611462, 387.64418629801395, 210.14535036184122, 233.32405329757896, 77.24483458763419, -1036.1124619524364, -196.0694039125237, 86.98493177465237], [690.0081054696694, -7568.2630772402135, 4355.756637984552, -4.951582829627932, 2.9541700789557592, 44.84566307197646, -1073.0775469734615, 674.2744573487493, -9444.566824371152, 8866.730390838771, 86.32654497678841, 574.5650132920979, -5676.609758143604, 3350.7554715308347, 522.1270728778383, -6062.14780713786, 240.07683840510313, -2404.6554078207914, 1487.2981531491175, 2578.3383798005916, -33677.99564096416, 28094.10819784658, 690.0081054696694, -7568.2630772402135, 4355.756637984552, 199.6687961672845, -3692.3430330825063, 2125.5861122109422, 73.91759083177242, -667.1587537548382, 489.0592716043406, -500.7203462267682, 237.58961400847437, 314.11931652481684, 2074.559122928251, 211.17409194430036, -1444.7910077587821, 1041.2883824156722, 207.00293672544169, -2047.3520713941866, 738.6569571125333, 902.0585275039818, 231.13230650140594, 46.516166856005825, 628.0378811885566, 803.3797300671201, -2482.548517359863, -4177.410360150413, 2402.6667510266793, -2636.6693057736074, 1437.1476737142295, 620.9682395955929, 86.98493177465237, -1221.8067507430012], [597.8493718622847, 4355.756637984552, -5933.700399169481, 2.9541700789557592, -3.3252871010160208, 26.79263226996012, 674.2744573487493, -858.3325448670929, 7680.156762120885, -11430.738792910535, 49.6060025471465, -761.3159649429621, 3350.7554715308347, -4621.01690428702, 404.5699354998537, 3412.379542384465, 216.16296266974794, 1487.2981531491175, -1971.707106592676, 3027.616891161256, 28094.108197846574, -32446.11399049834, 597.8493718622847, 4355.756637984552, -5933.700399169481, 157.54499670152242, 2125.5861122109422, -2798.5297891898595, 69.51753671322166, 489.0592716043406, -615.4311796072107, 237.58961400847437, -357.3579834035904, 170.7674294220269, -2767.261741357647, 291.8101237228981, 1041.2883824156722, -1448.5202060530532, 245.13649553367284, 1626.8252846311946, -956.9979789283304, -1099.4156993023594, -258.9150498106591, -52.268717467050635, -709.8191354705975, 343.01606113110586, 1668.2135240741154, 2402.6667510266793, -2947.2611027239, 1437.1476737142295, -1649.2974035771565, 287.39018494947555, 77.96792453682343, 718.027517719814], [-680.5815285151579, 255.10158938908756, 305.44500138899235, 22.290838111687858, 23.053041407421432, -32.74048723317911, 11.88190847482947, 15.330777552108655, 220.22894102233514, 562.5175444271457, -76.64341078810803, 31.36958180124539, 194.44583546478916, 250.27457241392773, -508.8429672116965, 194.4779015773427, -214.25981908622947, 82.27229924240946, 99.57740663198858, -2289.0162398130556, 855.7070700442863, 1274.76151647703, -422.96169121303046, 199.6687961672845, 157.54499670152242, -680.5815285151579, 255.10158938908756, 305.44500138899235, -44.50222492516288, 16.41715827299018, 23.10094920221421, 22.744721055089055, 26.990713522685148, -302.2462603606339, 117.61269561340936, -195.0953090114265, 64.20920029391965, 110.33094929272676, -187.14851269605887, 57.22365372060015, 50.76917259052804, 58.76941523793588, 10.371819345992323, 2.0460063819653813, 24.60927545051159, 42.051542447320244, 79.69600028443664, 136.9736418365309, 81.69063594330251, 87.11257488269607, 26.09104225493403, -385.4534847385455, -81.25124715569412, 30.9850732107595], [255.10158938908756, -5875.558276289063, 3613.7052458489716, -993.5468310848669, 638.618691804131, 11.88190847482947, -655.211262691687, 450.3703079925961, -5392.8562717671975, 5566.938121836029, 30.610284727734822, 508.86889490049725, -4401.830297823847, 2711.6392722010564, 194.4779015773427, -4727.543479002152, 82.27229924240946, -1708.8294711936705, 1129.3180545760345, 855.7070700442865, -22275.733174491976, 19027.150785005266, 199.6687961672845, -3692.3430330825063, 2125.5861122109422, 255.10158938908756, -5875.558276289063, 3613.7052458489716, 16.41715827299018, -286.4979660313075, 217.00044113947263, -834.9320561997598, 478.01722562975374, 124.2991003227087, 1886.323686252924, 64.20920029391965, -763.2019864856693, 575.0771592084271, 68.99722612225997, -1379.704745367445, 602.7362872805336, 770.4645622750716, 156.82005890723545, 29.485928320904335, 356.8296361077289, 642.912982762134, -1759.361913843651, -3212.5498651963176, 1982.3659349540903, -1848.1550251341962, 1031.6656037055125, 224.086216719227, 30.9850732107595, -909.2601198945446], [305.44500138899235, 3613.7052458489716, -5648.091216112452, 638.618691804131, -962.7400437968345, 15.330777552108655, 450.3703079925961, -723.8969613758264, 4499.496219411329, -7738.981679661033, 31.36958180124539, -755.208767343699, 2711.6392722010564, -4334.855484354657, 219.3052979444944, 2881.9999842748875, 99.57740663198858, 1129.3180545760345, -1599.21643934408, 1274.76151647703, 19027.150785005266, -22554.646201728974, 157.54499670152242, 2125.5861122109422, -2798.5297891898595, 305.44500138899235, 3613.7052458489716, -5648.091216112452, 23.10094920221421, 217.00044113947263, -291.1185145380829, 478.01722562975374, -870.5293089228214, 117.61269561340936, -2905.828488405319, 110.33094929272676, 575.0771592084271, -823.5040805995587, 103.65138139791956, 1124.2676477004834, -861.4416823125246, -992.0076919746191, -171.9369048978744, -32.282330910813776, -391.0987412862464, 591.6708737223155, 1238.3984217171396, 1982.3659349540903, -2505.5552838741587, 1031.6656037055125, -1185.9185939488852, 107.78167819823652, 36.357421739234375, 561.8562314310956], [-201.49209377505736, 80.33848904389183, 98.36302905728216, 0.7138703228210727, 0.7686404695829814, -4.13693887529452, 1.942545399828942, 1.8601638549090151, 139.9634846841361, 229.2123674931392, -8.558710419120661, 3.630711338891386, 73.06849121300772, 91.94940916192536, -146.13194791902072, 57.357287287600506, -51.21538894047692, 21.29719726885603, 25.46832559979378, -862.6653478691424, 343.7260529648464, 486.30118279915285, -161.3989927520349, 73.91759083177242, 69.51753671322166, -44.50222492516288, 16.41715827299018, 23.10094920221421, -201.49209377505736, 80.33848904389183, 98.36302905728216, 0.0, 0.0, 0.0, 0.0, 0.0, 0.0, 0.0, -70.38543961424243, 23.091444726133453, 16.790862177447146, 17.022902768749884, 4.213694447513712, 0.859242341121398, 12.10981506572072, 8.473301951535216, 31.766056142913577, 40.68017750967821, 33.87211899218791, 31.01824790490407, 13.165466592602106, -132.00842968982326, -27.17203068376028, 11.15482121150426], [80.33848904389183, -790.3878219429266, 589.7525997470666, -13.446859271525726, 10.218009964505717, 1.942545399828942, -41.88603395924107, 33.16759601415723, -1701.773755043362, 1507.0971069307623, 3.99518844435843, 39.302253437254116, -705.4875519149301, 525.0785224988539, 57.357287287600506, -566.7010627705356, 21.29719726885603, -215.4335649675511, 168.85356816248466, 343.7260529648463, -5209.95701571072, 4711.412515984451, 73.91759083177242, -667.1587537548382, 489.0592716043406, 16.41715827299018, -286.4979660313075, 217.00044113947263, 80.33848904389183, -790.3878219429266, 589.7525997470666, 0.0, 0.0, 0.0, 0.0, 0.0, 0.0, 0.0, 27.480553446417304, -306.0474979412098, 105.7875584372771, 128.15346666485877, 41.60649018588974, 8.400843427944444, 119.92366580732853, 40.86387709872531, -322.4967212101986, -415.1132915454136, 313.6622765839182, -269.89071904934536, 189.74935349405484, 71.69842541458227, 11.15482121150426, -136.49179280728168], [98.36302905728216, 589.7525997470666, -792.3100833883577, 10.218009964505717, -12.55817417593712, 1.8601638549090151, 33.16759601415723, -39.27109651984708, 1442.0473281758132, -1884.6475853763357, 3.630711338891386, -48.67695507413056, 525.0785224988539, -711.3303818026197, 70.71895983237418, 414.6519988115017, 25.46832559979378, 168.85356816248466, -214.11770475288506, 486.30118279915285, 4711.412515984451, -5351.335984086288, 69.51753671322166, 489.0592716043406, -615.4311796072107, 23.10094920221421, 217.00044113947263, -291.1185145380829, 98.36302905728216, 589.7525997470666, -792.3100833883577, 0.0, 0.0, 0.0, 0.0, 0.0, 0.0, 0.0, 39.781596967679015, 269.64979423247814, -135.71837370064785, -155.78708335390263, -46.14842682241944, -9.300143073786861, -133.29866359703655, 39.6013464791606, 256.9426551187438, 313.6622765839182, -378.0504497778107, 189.74935349405484, -216.29885433153726, 47.03758558479001, 12.73528380978147, 103.05429930979929], [57.584204232692514, -1404.696754546302, 806.7026669659191, -782.5373322753899, 485.8549400829288, 0.46483484848955103, -15.62102874533623, 12.564275891816912, -780.467469493789, 628.7447462432114, 1.4092552130973133, 21.140383118080127, -1363.6619347614594, 779.369767197395, 27.442896484781073, -730.5105021851795, 5.07163020878607, -119.06149544581713, 78.01750977137678, 162.85323250130898, -3849.231521894341, 3039.203344718655, 28.14991742729038, -500.7203462267682, 237.58961400847437, 22.744721055089055, -834.9320561997598, 478.01722562975374, 0.0, 0.0, 0.0, -1404.696754546302, 806.7026669659191, 0.0, 0.0, 0.0, 0.0, 0.0, 13.361807723029328, -256.8933341037733, 146.66209394821, 181.0336786126544, 26.862928388466628, 4.579183429859457, 34.653448600717155, 179.78141482221451, -353.3300203559955, -777.8012599423855, 446.721277034738, -513.8559332959397, 282.37911454072906, 53.54985492236635, 7.988303870161506, -242.49727353424916], [74.14527499094402, 806.7026669659191, -1469.5219026108916, 485.8549400829288, -857.7072315591047, 0.4398465439728166, 12.564275891816912, -15.693602974323781, 602.7398262699722, -1058.4177222184655, 1.4196367667557015, -28.97885097424116, 779.369767197395, -1431.2050966040538, 38.84731993497131, 431.33239657388725, 8.11326312896565, 78.01750977137678, -127.09266197089748, 244.82996339486868, 3039.203344718655, -4020.3002811499955, 20.735969227958822, 237.58961400847437, -357.3579834035904, 26.990713522685148, 478.01722562975374, -870.5293089228214, 0.0, 0.0, 0.0, 806.7026669659191, -1469.5219026108916, 0.0, 0.0, 0.0, 0.0, 0.0, 20.027831367895097, 192.14846258030911, -242.3292477677764, -251.63329573328727, -31.234454666856422, -5.267661656015948, -40.15296945729451, 199.76537533550575, 237.50282286439003, 446.721277034738, -663.4923155488196, 282.37911454072906, -352.9771668931479, 32.087150444976885, 10.016945222199698, 142.66631213978297], [-940.1952090612889, 400.58575316473, 346.8915026676089, 43.928335375424616, 37.75582924918895, -92.85893806598281, 38.42472999548919, 37.34122000465762, 246.3108707308394, 485.14810426423315, -181.39008665860695, 64.15271265170134, 235.0783078351002, 224.48114886195316, -861.3875677126175, 364.4946244470407, -351.7901986472707, 154.1058835037577, 132.81728790513435, -2778.13634173665, 1250.1258690161922, 1282.900462615795, -599.4300762574519, 314.11931652481684, 170.7674294220269, -302.2462603606339, 124.2991003227087, 117.61269561340936, 0.0, 0.0, 0.0, 0.0, 0.0, -940.1952090612889, 346.8915026676089, 0.0, 0.0, 0.0, -227.67888143914467, 81.74901670652918, 54.29901023768758, 66.10858237966741, 9.868498883655567, 1.7548397998908551, 19.958335158973533, 64.7233190424099, 114.60035015613123, 224.38579642099597, 74.10190231333772, 119.97909022721375, 19.84467054299465, -517.3264144642233, -106.08348426050497, 45.813558603986145], [346.8915026676089, 3399.829825062367, -5300.025697847214, 575.4758506216743, -808.0721734562012, 37.34122000465762, 701.1176779595847, -1122.9099163552414, 3475.3386734312467, -6102.854174893699, 64.15271265170134, -1047.754388210172, 2096.650866931256, -3390.46994281382, 319.0662646019869, 3137.564188503636, 132.81728790513435, 1259.9033387482668, -1814.2063534522624, 1282.9004626157948, 17893.18408444121, -21173.224167841567, 170.7674294220269, 2074.559122928251, -2767.261741357647, 117.61269561340936, 1886.323686252924, -2905.828488405319, 0.0, 0.0, 0.0, 0.0, 0.0, 346.8915026676089, -5300.025697847214, 0.0, 0.0, 0.0, 104.25108185252334, 1021.6815140894379, -792.4587849191397, -916.8318363300665, -158.90471945404528, -28.748618643397116, -355.7629157173947, 521.3116826892239, 1099.1784141958626, 1888.0836874362171, -2321.147086713376, 875.8527885950809, -983.9433269187406, 93.94657285633237, 38.841227301161354, 504.60636394118217], [-698.9742388336692, 231.1917639425186, 398.8413970628135, 0.5377259484017347, 0.9363375528445903, -9.538783681478865, 4.0052904648837435, 4.557215908223579, 314.7502154256335, 1026.1758316648318, -27.655616012827988, 13.400185800414654, 210.580105389325, 375.9475626333996, -377.7601707103198, 130.2901895765718, -258.01722745427406, 87.47791547497016, 147.28534797405723, -3431.024310670687, 1074.7308053159993, 2241.590874130176, -551.8305787505185, 211.17409194430036, 291.8101237228981, -195.0953090114265, 64.20920029391965, 110.33094929272676, 0.0, 0.0, 0.0, 0.0, 0.0, 0.0, 0.0, -698.9742388336692, 231.1917639425186, 398.8413970628135, -275.6065887943016, 69.11317877799432, 72.52235419878069, 77.237896083099, 19.563805697789007, 4.264230420417007, 55.23820696958164, 30.259003510254864, 84.41371184448299, 141.3042262899394, 139.89288256687735, 68.4887763707159, 41.343126072444484, -424.56657011489864, -93.76975957801024, 31.342808226026065], [231.1917639425186, -1717.2740161343509, 1259.6296981412377, -8.838718605856057, 7.326903398848876, 4.0052904648837435, -52.35194054753194, 39.69654918312456, -3155.591619745994, 3439.714031854215, 11.392831525429752, 67.16190572287837, -1561.1599459926847, 1146.700536472553, 130.2901895765718, -985.8281368417664, 87.47791547497016, -658.2109154220686, 495.6516194216488, 1074.7308