"{\"x\": [-4.737538724070196, -1.4338430484953741, -2.306032781714667, -0.10917968333341038, -0.1922943308711767, -4.8988336364603535, -4.123310326238801, -4.779139590579503, -1.9509267825825487, -4.975876940086957, -1.6547730622096815, -8.209984871718051, -3.0437125947882238], \"success\": true, \"status\": \"Algorithm optimized\", \"fun\": -67925.58838600387, \"jac\": [-0.0021560083562164323, 0.013559724728425593, -0.008732480760345496, 0.00045964238611873043, -0.006705293996041917, -0.0010928750346705929, 0.0025025453948850362, -0.0010572371699579808, -0.001256346393695651, -3.366958530759412e-05, 0.00033063168241298513, 2.7092877014522898e-05, 0.004572027037310633], \"hess\": [[-2307.4395891887484, 1055.0849652461854, 902.4592434373914, 1039.4864382589299, 1627.159258736416, -692.2075591605665, 251.469429118682, 151.42601021465967, 167.68745324095627, 34.78443380088558, 94.42590977831044, 119.01259306342428, 328.0402528268606], [1055.0849652461854, -15652.174992418793, 10174.830378231425, -17196.744313596366, 16332.92871113901, 308.0880890108303, -3907.847837821731, 1698.8929142881304, 2191.3644150102173, 457.87214166280046, 1043.7447206183595, 1445.0715115657933, -4779.904560696035], [902.4592434373914, 10174.830378231425, -13730.019611459718, 14517.425631207772, -20431.620136721773, 343.2845824315018, 3210.7214859413125, -2161.1807710959165, -2596.812402771966, -498.69652544941266, -1155.5064843787166, 894.7857031726832, 3493.775673129573], [1039.4864382589299, -17196.744313596366, 14517.425631207772, -89195.4501043801, 37538.639120053034, 442.1234772832008, -7976.349884689342, 2732.5214325211064, 2980.4108235696403, 1083.6472419921183, 3350.999688474772, 642.3509204033898, -7846.679234061858], [1627.159258736416, 16332.92871113901, -20431.620136721773, 37538.639120053034, -60479.923675752805, 818.049366297228, 7296.338851477466, -3394.104868381359, -3988.2934930480365, -1431.5503039424773, -3550.1501420246477, 892.073681385492, 6691.069738412284], [-692.2075591605665, 308.0880890108303, 343.2845824315018, 442.1234772832008, 818.049366297228, -319.9375700640598, 100.539600934825, 62.845650336289246, 66.50300602301795, 20.74212160736529, 62.302933612711065, 17.098491981905518, 110.44551378935758], [251.469429118682, -3907.847837821731, 3210.7214859413125, -7976.349884689342, 7296.338851477466, 100.539600934825, -1654.4628587170303, 587.7742761760815, 752.6013090692182, 241.76272019958466, 659.3478833032491, 173.7582193849171, -1527.8119146630834], [151.42601021465967, 1698.8929142881304, -2161.1807710959165, 2732.5214325211064, -3394.104868381359, 62.845650336289246, 587.7742761760815, -445.33172571044275, -373.9349947323934, -79.370129161447, -240.79092517821192, 117.02728483308933, 599.6484100739542], [167.68745324095627, 2191.3644150102173, -2596.812402771966, 2980.4108235696403, -3988.2934930480365, 66.50300602301795, 752.6013090692182, -373.9349947323934, -999.4019727841091, -133.72354060186305, -113.15816647061334, 100.72782956646022, 762.6845200669343], [34.78443380088558, 457.87214166280046, -498.69652544941266, 1083.6472419921183, -1431.5503039424773, 20.74212160736529, 241.76272019958466, -79.370129161447, -133.72354060186305, -74.10710153106962, -122.81917587862897, 4.023692844030183, 191.04534773203792], [94.42590977831044, 1043.7447206183595, -1155.5064843787166, 3350.999688474772, -3550.1501420246477, 62.302933612711065, 659.3478833032491, -240.79092517821192, -113.15816647061334, -122.81917587862897, -477.1779565840568, 9.934198693137635, 493.0364730917275], [119.01259306342428, 1445.0715115657933, 894.7857031726832, 642.3509204033898, 892.073681385492, 17.098491981905518, 173.7582193849171, 117.02728483308933, 100.72782956646022, 4.023692844030183, 9.934198693137635, -1016.0144873610345, 338.29938052201817], [328.0402528268606, -4779.904560696035, 3493.775673129573, -7846.679234061858, 6691.069738412284, 110.44551378935758, -1527.8119146630834, 599.6484100739542, 762.6845200669343, 191.04534773203792, 493.0364730917275, 338.29938052201817, -1966.6145902312219]], \"nit\": 33, \"nep\": 10.280467651629134, \"stop_crit\": 2.9646245807417485e-07, \"opti_time\": 3.8435781002044678}"