"{\"x\": [-12.677125033985229, -16.53910454614551, -13.36140638549543, -22.438190991010316, -18.52234022019339, 0.8639649849775887, 0.489330941429641, -1.7585939174980196, -0.8267728035016177, -0.3701377741678728, -0.9309977542631447, 0.16681195699140425, -0.408456345578341, -0.3756785275114703, -0.5111965982819998, -0.11590635603347815, -0.19919192618439205, -0.37138904335133216, -0.4391208435851747, 1.672062115713154, 2.0760332906236862, 0.88477180104614, -0.39522664078978764, -0.1231641623620236, -0.2840459149208487, 0.8938423329417734, -0.255451875510488, -0.7782062614514319, -1.267163532469036, -0.765259811207455, -0.5725400145789822, -1.0647961559947572, -0.49267376221097975, -0.6359895709197839, -1.1322271360202172, -0.6204888582737731, -0.8796919397723656, 0.43087074632299227, 0.2740375932635395, 0.140240615487587, -0.31864002519810375, -0.14559140236334348, 1.3621196013993189, 2.2983604938069524, 2.1134465511812954, 2.2880012972859296, 1.7739622779313893, 2.9896023581453646, 2.7476998996771624, 0.24710506618734593, 0.7441373818503131, 0.34975776536208986, 0.21569112070696486, 0.693179651308053, 0.6424129289227998, 0.7563847824918811, 0.47708841214685704, -0.30688146647148673, -0.7218563378540159, -1.2951565973216976, -0.21567655821499016, 0.40521390173436733, 0.4916194760125667, -0.4200385655194464, 0.22433180486875023, 1.464316323309393, 0.7407146801022656, -1.2751959037748346, -0.8280575701487538, -1.6014111226969734, 0.6963986236326842, 0.3183288318529698, -0.311493810609344, 0.3477126930647821, -5.712677256401798, -6.242288591136753, -6.1276721658550475, -2.6289360867919176, -3.9021119609092114, -2.1710335790931627, -2.7867210598361374, -3.9879866051913324, -4.223707927080799, -4.030041212973425, -2.6045288603684265, -5.300002114252107, -6.366086947222033, -4.058610002469896, -5.25235672407006, -1.66445798787694, -4.789462716427021, -6.328944821619776, -3.1597773613336133, -1.6427405314653234, -2.3527036929034333, -0.4143038764983398, -0.16864124652612855, 0.5595546962311209, -0.485705441553422, 0.1782298460615987], \"success\": true, \"status\": \"Algorithm optimized\", \"fun\": -52645.96519302659, \"jac\": [0.0020298176011559477, 0.0014887050846721372, 0.00020359868550912097, -0.001520418453107908, -0.001892950437039076, 0.0007840930435550897, -0.0006286883997255188, 0.00019052829181109843, -0.00028011763488788866, -0.0010359636248296056, -0.0010230582125920762, 0.001544628387602831, 5.5945945144575404e-05, -0.0004411214215644943, -0.0004875761371785359, 0.00010216772742371871, -0.001323485607034769, 0.0006742153613368274, 0.0002400804951995794, -6.939316756326974e-05, -4.007274463413424e-05, 0.00012040350772721253, 0.0001423548472436753, -9.28505300521465e-05, 0.00011245901253786883, -0.00010354270903745189, -0.0021385747799556043, 0.0015695274268878734, 0.00844814898713997, 0.006191997188093268, -0.0021963145153067742, 0.0034139924108274045, 0.0013275300583899252, 0.002253123803370727, -0.013175997405824091, -0.006229034487404306, -0.00040536281651437633, 0.001407770825704091, -0.001005958308194721, -3.165246928027443e-05, 0.00038562035214684265, -0.00045928503806536014, 0.017516369787692554, 0.003982644132364044, 0.003978512479591245, 0.006596127452802136, -0.0006028966728095497, -0.013052291404108018, -0.015241742130996272, 0.0010384015162212545, 0.0006616592130397336, -0.00042435236302296175, 0.0006938248472359021, 0.0006936371203483116, 0.0001772147151122283, -0.00019611295573840337, -0.0006765500431678007, -0.0007182746733214174, 9.490556423763508e-05, -0.0001217902223984435, -8.120015257784274e-05, -0.0001254356228765907, 2.3295686686797268e-05, 0.0003368070240199472, -0.0009569871640486838, -0.00015171508289690827, 0.0006358891704607572, -0.00023176062011209808, 4.8512903982222966e-05, 0.0003333058641097342, -3.591291017446263e-05, 0.00010320608998526382, -0.00011987846225514076, 0.00019961120250178155, -0.0001982462824363651, -0.00043116761634798273, -0.00017317698039054363, -0.00014014134846263016, -1.6483311784831756e-05, 0.00022040692305402843, -0.00012208609114250368, -0.0002485169713751789, 0.00024291464663450668, 0.00022935515809119345, -5.280385935435561e-05, 0.00014828615528750255, -3.2624994723562395e-06, -3.9155450952454984e-05, 2.771432579523614e-05, -0.0006738404542874221, -0.0007536587533731876, 0.000320616991295708, 0.00013821942998148984, 5.155268293421944e-05, 0.0002840551901908128, -8.622460818585864e-05, 0.00033767138040552425, -0.0009357782529022529, -4.862954219320148e-05, -0.0004865084670520048], \"hess\": [[-2220.706094397459, 146.3941095087745, 655.9786146134738, 352.3158770306053, 597.4679909552428, -1463.7359422429986, 215.3872022647106, 28.571763831862594, 38.00009474394342, 178.96417877796787, 582.3015408001714, -450.7562680101237, -354.57500406384185, 59.34052515414246, 57.771683774607276, 38.24214569094087, 139.61729719542197, 136.64805025386852, -25.304275376118955, 23.48113511662471, 13.057620052107488, 2.76003511609915, 5.870923694367946, 305.7351762118995, 148.87209762220772, 29.79945260309659, 1265.5845178761497, -802.2646923664668, -6082.435766273894, -1288.1941351813539, 317.5002683009487, 2341.2983044020593, 112.27615199115247, 395.9700339179048, 3341.7739292748233, 1041.0107678745342, -679.6773238073151, 48.739956299150066, 120.37663433495096, 162.20090458114367, 29.496663948385383, 187.70755142101646, -17438.316204346294, 887.7196342745232, 4853.690059136097, 244.50143749022996, 312.8594515847325, 2943.953958832083, 4908.104260593126, -626.3982126050422, 48.9316570604154, 215.71578507830768, 108.77828506823062, -198.53368571135928, 17.45265750069599, 4.357919164108363, 33.2955445395929, 19.423795784360212, 28.240547927981577, 2.0810611917572275, 0.8003001205383153, 67.14621785064196, -223.3374584328705, 301.79571312454516, 86.90390497326997, -91.23095584747163, -606.9750636879561, 8.780914355482517, 123.88289129265516, 9.584701699782824, 0.2543540725725251, 27.98710987598462, -48.43597106027708, 28.402565354525628, 62.286310829113596, 43.127298826369284, 59.70488179164908, 3.7906591855785416, 9.76630268487862, 63.86707093688623, 96.85693897459939, 14.802829115618364, 90.59942784675083, 6.376754674668938, 52.65499692832934, 17.798898237132217, 16.605268592062735, 24.12028806782407, 2.827610575879566, 110.50548447046651, 61.21959818682355, 104.42744644246712, 74.31049356079465, 38.42349128843705, 136.25284831668304, 74.00429068683243, 312.0082923298847, 307.4926750279714, -108.61901069417486, 86.10609940555968], [146.3941095087745, -3600.575274648286, 0.0, 1654.5195021849859, 796.0334657736188, 0.0, 0.0, -794.9249812879954, 0.0, 0.0, 615.9348847125898, 112.84163863238571, 0.0, -1249.0332727525292, 0.0, 0.0, 366.10233787982185, 0.0, 2.76003511609915, -444.98489435801395, -270.08716332631354, -123.96848411347366, 208.1266197307094, -363.2154824441415, 0.0, 0.0, 1021.9336152143902, 317.5002683009487, 0.0, 112.27615199115247, -9459.145819180603, 0.0, -4193.394204243976, 8134.148872688962, 0.0, 3830.011493233203, 48.739956299150066, -2149.1877547635218, 1515.309356786008, 0.0, -537.6967115995269, 0.0, 1132.221071764753, -20175.044790529326, 0.0, -8089.902597570193, 0.0, 13600.027381379809, 6503.34167050836, 39.32882019809367, -1140.7578872643846, 0.0, 512.1516168443502, 6.978636104848884, -11.434068633981616, 58.69048045618934, 0.0, 0.0, -668.286212544732, -48.72160669832338, 0.0, 445.20318609951227, 21.30414265395489, 0.0, 560.0526930458788, 0.0, 12.67704626967824, -144.87436955911866, 0.0, -54.381283258166164, 10.205656703082445, 0.0, 0.0, 249.81710123544156, 284.25587371307523, 130.235039972993, 0.0, 101.41257507309564, 0.0, 452.8528410026836, 0.0, -428.3057873441079, 0.0, -142.90335259173415, 0.0, -250.30352309114838, 70.28272768759865, 33.97210281074995, 9.418088727191401, 189.0104461550701, 341.1218081962415, 0.0, 0.0, -1019.3104463458988, 0.0, -1982.5907452132617, 0.0, 1204.3559104837504, 0.0, -408.230012527539], [655.9786146134738, 0.0, -6992.260291196762, 3668.4966437577746, 311.3113259220292, 615.6432504090096, -2119.377150388669, 0.0, -423.7221734761437, 2011.0662783886808, 280.26573182158904, 0.0, 96.01382946554814, 0.0, -752.8843955697708, -512.7320726767337, 0.0, 114.02072870089857, 0.0, 0.0, 0.0, 0.0, 0.0, -3924.1528397481525, -2063.673139905788, -387.87628281818775, 667.3621484117338, 0.0, 2341.2983044020593, 0.0, 0.0, -31821.039936642093, 0.0, 0.0, 26470.662304978214, 0.0, 198.93051809692892, 0.0, 0.0, 1939.4037725637882, 0.0, -2052.6223483924423, 5166.549510720827, 0.0, -51651.37423542424, 0.0, -3762.293500714362, 31186.207946532068, 2609.191810746083, 147.99552229881368, 0.0, -2280.7925501151844, 1306.2906492066027, 58.142075812540895, -216.60037674404524, 0.0, 414.6663233624881, -240.21205277442667, 0.0, -9.847694826038202, 49.314686596296, 0.0, 134.34003362940754, -3485.1412687374705, 0.0, 58.33749696538746, 129.5714610782423, 0.0, -838.2737194085371, -35.884724464733516, 0.0, 294.4588296616603, 5.571974061786898, 477.91740599351897, 626.4703356066822, 0.0, 52.727042738491384, 0.0, 253.26013038851593, 0.0, 539.8914276927757, 0.0, -1087.2154333709102, 0.0, -697.4010576034638, -133.4911553793355, 200.921347661935, 16.28785926571663, 24.71185977073033, 610.3205548841364, 0.0, 795.1793961213305, -823.7486283229091, 0.0, -1483.3498237538936, 0.0, -3313.805412548241, 2856.153678843926, 66.91075922198412, -1020.9254736866204], [352.3158770306053, 1654.5195021849859, 3668.4966437577746, -6444.505309369207, 0.0, 237.10596947963643, 1211.7096615724515, 0.0, 0.0, -2381.049025870606, 0.0, 78.92153394401682, 46.30696215005163, 787.4858821441753, 476.34279924363994, 219.1198182175681, 0.0, 0.0, 0.0, 208.1266197307094, 134.05481940956926, 0.0, -254.2051881636299, 3449.869101532023, 1698.488043428661, 0.0, 0.0, 395.9700339179048, 1582.5406665247053, 0.0, 8134.148872688963, 24620.59857151219, 0.0, -9207.767810253536, -26797.479374738727, 0.0, 98.42503285377667, 1005.6240590466294, -1309.578709581087, -2024.630897494074, 333.1121701789819, 1137.3628855172856, 2943.953958832083, 13600.027381379807, 31186.207946532068, 0.0, 0.0, -53300.39113003111, 0.0, 86.94241054152663, 512.1516168443502, 1306.2906492066027, -2084.880922677583, 37.653463703701256, 173.25448218360071, -73.68607254423779, -473.5562140435376, 90.53795586197482, 410.76138069508534, 0.0, -53.834712077639814, -623.4082205995221, 30.20720917980085, 1767.02348486282, 0.0, 27.98710987598462, 130.43047704480026, 119.15321762276453, 593.611212741736, 0.0, -12.146034683780266, -329.21897748136394, 0.0, -836.194338584284, -1075.5804294874445, 0.0, 0.0, -113.66433380346439, -273.07775481120694, -336.4779407132771, -529.4059893593953, 353.3382893142077, 849.6679060783603, 114.20968831691975, 561.2655255760596, 0.0, -291.9232241583006, 0.0, -37.51008787653064, -754.1887108743316, 178.4109098543708, 149.2321177691295, 555.1251610890351, 506.17443059456104, 863.3981147960315, 865.1586636212103, 1740.7846024589728, -5009.587171064009, 26.3548777750046, 852.3278695975803], [597.4679909552428, 796.0334657736188, 311.3113259220292, 0.0, -3421.2598104962894, 338.4994845014276, 0.0, 615.9348847125898, 280.26573182158904, 0.0, -2979.5098937340517, 139.61729719542197, 136.64805025386852, 0.0, 0.0, 114.02072870089857, -1062.423091572182, -446.8702506460986, 13.300319479302194, 0.0, 0.0, 91.18453230296205, 0.0, 0.0, 0.0, 322.5909027486612, -4694.1689952977185, 0.0, 1759.2332627501182, 1041.0107678745342, 0.0, 1850.0637334660235, 3830.0114932332026, 0.0, -4668.602796528959, -6549.270830782591, 184.15250606231788, 509.6852977393789, -1302.5609995119246, -543.4195770917562, 0.0, 0.0, 4908.104260593126, 0.0, 0.0, 6503.34167050836, 2609.191810746083, 0.0, -26401.859607542792, 226.88338678105805, 302.67105492968824, 130.58169766521638, 0.0, 64.47443368144883, 0.0, 0.0, 0.0, 0.0, 0.0, 40.53004968249352, 0.0, -324.3985860248233, 0.0, 0.0, -1273.9302987950302, 0.0, 250.07115967689907, 0.0, 0.0, 72.98698963690221, 0.0, 0.0, 27.139303415794664, 0.0, 0.0, -319.94942913747997, -184.57791972827155, 0.0, 0.0, -339.5653563638401, -197.92868080362544, 0.0, 0.0, 0.0, 0.0, 330.4943158542731, 0.0, -83.18513804092701, 0.0, -184.96604527692887, 436.3160694744126, 266.11948026036805, 0.0, 259.34281618942566, 120.43776103611404, 517.7179881587481, 191.70537461334905, 0.0, 0.0, 0.0], [-1463.7359422429986, 0.0, 615.6432504090096, 237.10596947963643, 338.4994845014276, -1463.7359422429986, 215.3872022647106, 0.0, 38.00009474394342, 178.96417877796787, 338.4994845014276, 0.0, -354.57500406384185, 0.0, 57.771683774607276, 38.24214569094087, 0.0, 136.64805025386852, 0.0, 0.0, 0.0, 0.0, 0.0, 288.4283785789273, 137.06911140991232, 29.4808894760913, 817.5583040882404, 0.0, -5900.77431578273, 0.0, 0.0, 2231.46229716328, 0.0, 0.0, 3285.778402475569, 0.0, -431.3182351472086, 0.0, 0.0, 158.07186888001993, 0.0, 168.2291119132104, -11623.090594624795, 0.0, 4550.659876743561, 0.0, 306.90739227272326, 2022.077470601306, 2822.6551395740735, -429.31707454676354, 0.0, 207.76413602239995, 81.88775716579488, -150.38420215235965, 16.68184904913559, 0.0, 32.6307663251795, 19.261202684576578, 0.0, 0.7191228116532101, 0.7809952516700913, 0.0, -158.93261845497398, 269.58500447891356, 0.0, -88.91736184202638, -449.88171461883536, 0.0, 122.66012664483353, 5.684724094239273, 0.0, 27.480157542600928, -47.50293515000733, 18.036965070922633, 42.20464158136831, 0.0, 58.95030319899492, 0.0, 8.815253031348805, 0.0, 95.30983338554466, 0.0, 87.4695455148615, 0.0, 48.74756733048783, 10.457466203197656, 12.701677682664505, 15.160258480551747, 2.231510635298336, 83.48730681180004, 0.0, 100.12028200556368, 68.73213671459371, 0.0, 131.5347204992607, 0.0, 297.6366882781998, 210.2727184735798, -103.09816238798022, 63.36556267404912], [215.3872022647106, 0.0, -2119.377150388669, 1211.7096615724515, 0.0, 215.3872022647106, -2119.377150388669, 0.0, 0.0, 0.0, 0.0, 0.0, 24.279390543510495, 0.0, 0.0, -342.961528564197, 0.0, 0.0, 0.0, 0.0, 0.0, 0.0, 0.0, -1686.6440205633933, -1818.372276243876, 0.0, 0.0, 0.0, 745.1515835510938, 0.0, 0.0, -10323.889043451874, 0.0, 0.0, 8748.735681613667, 0.0, 76.78427111922385, 0.0, 0.0, 647.747952635398, 0.0, -1696.2100810218037, 1685.9998072132005, 0.0, -16834.881213452627, 0.0, 0.0, 10366.455444732164, 0.0, 0.0, 0.0, -692.8116268271652, 443.87436504814184, 16.68184904913559, -207.41169349843398, 0.0, 156.40837288243827, 0.0, 0.0, 0.0, 47.0896508431783, 0.0, 116.18950491605892, -1081.1851517041507, 0.0, 56.76731248512416, 0.0, 0.0, 0.0, 0.0, 0.0, 284.66685881136146, 0.0, 155.66264124035638, 210.2496126429836, 0.0, 0.0, 0.0, 213.10983885989427, 0.0, 0.0, 0.0, 0.0, 0.0, -617.6960659138007, 0.0, 71.66401246100112, 0.0, 0.0, 222.6544094287926, 0.0, 220.32672051194436, -719.2443470136831, 0.0, 0.0, 0.0, 0.0, 942.2399134648015, 23.81750078142495, -342.56223259090007], [28.571763831862594, -794.9249812879954, 0.0, 0.0, 615.9348847125898, 0.0, 0.0, -794.9249812879954, 0.0, 0.0, 615.9348847125898, 17.522080102716856, 0.0, 0.0, 0.0, 0.0, 366.10233787982185, 0.0, 2.76003511609915, 0.0, 0.0, -123.96848411347366, 0.0, 0.0, 0.0, 0.0, 1007.8786076915445, 0.0, 0.0, 107.98069119526659, 0.0, 0.0, -3558.7245517523684, 0.0, 0.0, 3239.4306428618147, 10.378716598293629, -490.0050048131094, 384.4061069074966, 0.0, 0.0, 0.0, 227.7752993381795, 0.0, 0.0, -6401.873877414403, 0.0, 0.0, 5103.497428557575, 13.53443951429415, -341.05719317096725, 0.0, 0.0, 4.476782713344933, 0.0, 0.0, 0.0, 0.0, 0.0, -48.5095985601027, 0.0, 34.27608609080105, 0.0, 0.0, 400.21332118546957, 0.0, 3.8810449100628777, 0.0, 0.0, -53.40837086433145, 0.0, 0.0, 0.0, 0.0, 0.0, 104.59947496173494, 0.0, 0.0, 0.0, 139.45075736733415, 0.0, 0.0, 0.0, 0.0, 0.0, -211.43064211739022, 0.0, 30.082112182270155, 0.0, 57.17788757718601, 56.00043678627449, 0.0, 0.0, -258.83396656414544, 0.0, -502.0721560047297, 0.0, 0.0, 0.0, 0.0], [38.00009474394342, 0.0, -423.7221734761437, 0.0, 280.26573182158904, 38.00009474394342, 0.0, 0.0, -423.7221734761437, 0.0, 280.26573182158904, 0.0, 13.962755147430382, 0.0, 0.0, -169.77054411253658, 0.0, 114.02072870089857, 0.0, 0.0, 0.0, 0.0, 0.0, 0.0, 0.0, -366.6562887494559, 665.638318433555, 0.0, 163.2802300175612, 0.0, 0.0, -2072.105000697197, 0.0, 0.0, 1748.8430785607447, 0.0, 10.761840067711569, 0.0, 0.0, 137.6954706360936, 0.0, 0.0, 306.9073922727233, 0.0, 0.0, 0.0, -3429.377265351773, 0.0, 2368.192747262319, 17.17811298890358, 0.0, -181.61788867734919, 0.0, 5.972477263630949, 0.0, 0.0, 0.0, 0.0, 0.0, -9.726802481077803, 0.0, 0.0, 0.0, 0.0, 0.0, 0.0, 5.684724094239273, 0.0, 0.0, -35.705599038248494, 0.0, 0.0, 5.475497108317532, 0.0, 0.0, 0.0, 48.13833562383566, 0.0, 0.0, 0.0, 61.92760849747245, 0.0, 0.0, 0.0, 0.0, -125.65290791121728, 0.0, 15.739374015139957, 0.0, 37.94545519010855, 0.0, 41.50410126301082, 0.0, 0.0, -155.49555558955936, 0.0, -259.3217251391425, 0.0, 0.0, 0.0], [178.96417877796787, 0.0, 2011.0662783886808, -2381.049025870606, 0.0, 178.96417877796787, 0.0, 0.0, 0.0, -2381.049025870606, 0.0, 0.0, 38.298357873168776, 0.0, 476.34279924363994, 0.0, 0.0, 0.0, 0.0, 0.0, 0.0, 0.0, 0.0, 1602.7013332529443, 0.0, 0.0, 0.0, 0.0, 1179.9966435752242, 0.0, 0.0, 13681.116401454865, 0.0, 0.0, -15240.978755045475, 0.0, 43.12774759980701, 0.0, 0.0, -1086.4975176516073, 0.0, 0.0, 1531.2408944925692, 0.0, 17161.967656925186, 0.0, 0.0, -20102.247398585143, 0.0, 64.21828778922603, 0.0, 754.9913402504994, -873.0139697266435, 26.282615889791337, 0.0, 0.0, -284.7517552091501, 88.64860140474188, 0.0, 0.0, 0.0, 0.0, 0.0, 864.0581376734876, 0.0, 0.0, 103.53018501109982, 0.0, 584.9136568702028, 0.0, 0.0, 0.0, 0.0, -311.3114978902692, -399.9627670289197, 0.0, 0.0, 0.0, 0.0, 0.0, -478.74048993843587, 0.0, 785.3737858341339, 0.0, 0.0, 0.0, -123.6247757029814, 0.0, -25.61399488571423, -346.26458071776256, 0.0, 95.02119524685745, 0.0, 0.0, 792.5910873262055, 0.0, 1551.25974187072, -1869.0220547822987, 19.304217373911744, 325.86350423252816], [582.3015408001714, 615.9348847125898, 280.26573182158904, 0.0, -2979.5098937340517, 338.4994845014276, 0.0, 615.9348847125898, 280.26573182158904, 0.0, -2979.5098937340517, 139.61729719542197, 136.64805025386852, 0.0, 0.0, 114.02072870089857, -1062.423091572182, -446.8702506460986, 13.300319479302194, 0.0, 0.0, 91.18453230296205, 0.0, 0.0, 0.0, 304.4908158099399, -4669.51521260451, 0.0, 1745.7904002596192, 1020.6884446465957, 0.0, 1748.8430785607447, 3239.4306428618147, 0.0, -4483.318512658324, -5774.009046770566, 179.16355926480145, 384.4061069074966, -1081.6329251697828, -503.425716130769, 0.0, 0.0, 4794.842377537597, 0.0, 0.0, 5103.497428557575, 2368.192747262319, 0.0, -23165.735979125493, 224.30045706641857, 268.72845273145344, 122.3920522749077, 0.0, 64.10942243443057, 0.0, 0.0, 0.0, 0.0, 0.0, 40.25096941814427, 0.0, -323.24823939435873, 0.0, 0.0, -968.9917265310652, 0.0, 249.55160447717572, 0.0, 0.0, 71.89186168421436, 0.0, 0.0, 26.64808426147412, 0.0, 0.0, -276.7925473222927, -172.52667724259345, 0.0, 0.0, -293.326482804657, -186.1423482856131, 0.0, 0.0, 0.0, 0.0, 288.7717442279466, 0.0, -78.41152740792373, 0.0, -176.09142888862746, 393.10143516813827, 247.64653996083237, 0.0, 212.12250790251662, 111.34951123913288, 387.2984572776075, 170.12882950600024, 0.0, 0.0, 0.0], [-450.7562680101237, 112.84163863238571, 0.0, 78.92153394401682, 139.61729719542197, 0.0, 0.0, 17.522080102716856, 0.0, 0.0, 139.61729719542197, -450.7562680101237, 0.0, 59.34052515414246, 0.0, 0.0, 139.61729719542197, 0.0, -25.304275376118955, 23.48113511662471, 13.057620052107488, 2.76003511609915, 5.870923694367946, 6.299847166312438, 0.0, 0.0, 234.17180622595902, -615.7336703178632, 0.0, -717.8301850958229, 256.8089639106057, 0.0, 63.64121996052263, 289.05315426668, 0.0, 575.6274868973267, -133.92280789171915, 31.82575059570164, 67.51264609609008, 0.0, 28.197106492267856, 0.0, -3461.517033149616, 731.0414524300487, 0.0, 139.16411881272336, 0.0, 629.2133950963397, 1127.1043646810074, -122.0151598501675, 37.97748077251139, 0.0, 18.29580730312218, -23.360086721243253, 0.3789639277586165, 2.6454944174153505, 0.0, 0.0, 27.640910020141042, 1.1708850573347074, 0.0, 60.846852628008484, -34.02776995155965, 0.0, 44.605152297352475, 0.0, -76.90137043702813, 4.236029953426733, 0.0, 1.8646891054055978, 0.07933200947689528, 0.0, 0.0, 7.574108433233559, 13.97293988513189, 23.84176677108884, 0.0, 3.570424470858203, 0.0, 37.52436724220649, 0.0, 11.030092532251377, 0.0, 6.11784560894853, 0.0, 4.137582517042143, 2.680785464394068, 4.921767802231261, 0.39401076387510814, 15.397901546082059, 40.702701716225626, 0.0, 0.0, 28.966252057902754, 0.0, 51.33576264397924, 0.0, 65.6027735789535, 0.0, 15.99128597217353], [-354.57500406384185, 0.0, 96.01382946554814, 46.30696215005163, 136.64805025386852, -354.57500406384185, 24.279390543510495, 0.0, 13.962755147430382, 38.298357873168776, 136.64805025386852, 0.0, -354.57500406384185, 0.0, 57.771683774607276, 38.24214569094087, 0.0, 136.64805025386852, 0.0, 0.0, 0.0, 0.0, 0.0, 35.211643336674506, 16.32313508080113, 11.909394290634252, 350.22082252077456, 0.0, -1552.7345731959847, 0.0, 0.0, 382.0734886472814, 0.0, 0.0, 1047.9772136446256, 0.0, -110.13104165405338, 0.0, 0.0, 56.84636874854553, 0.0, 18.743254904580223, -2857.6464685635233, 0.0, 653.6380795553043, 0.0, 114.40369173957653, 394.79098427863704, 1150.986728244349, -135.34938836155763, 0.0, 37.93515154569557, 17.396999132990874, -32.18917235359947, 1.941804014631909, 0.0, 4.650513010165352, 2.1535491954709345, 0.0, 0.3903107017750437, 0.24020769114345625, 0.0, -16.67761646616745, 35.71597047569976, 0.0, -12.630568148999359, -141.29392809866013, 0.0, 21.748842870314967, 2.554590425469064, 0.0, 4.20459229754556, -19.61089260537858, 4.368804403121302, 8.092560745001318, 0.0, 24.640722740284907, 0.0, 1.1030808708712894, 0.0, 31.589888286081873, 0.0, 14.716660112070713, 0.0, 5.78587799700552, 4.239903552067288, 2.422542190437215, 6.4082184122600045, 0.43050481959060943, 27.56233674447778, 0.0, 31.6513404803324, 8.24008910011903, 0.0, 24.389904000849125, 0.0, 49.9782766799692, 39.64531487852558, -17.99069310289554, 9.634372751703186], [59.34052515414246, -1249.0332727525292, 0.0, 787.4858821441753, 0.0, 0.0, 0.0, 0.0, 0.0, 0.0, 0.0, 59.34052515414246, 0.0, -1249.0332727525292, 0.0, 0.0, 0.0, 0.0, 0.0, -444.98489435801395, 0.0, 0.0, 208.1266197307094, -185.54216909239014, 0.0, 0.0, 0.0, 164.05551923595098, 0.0, 0.0, -4657.571136674766, 0.0, 0.0, 3990.137307735571, 0.0, 0.0, 16.46146245475665, -652.5441009056846, 435.23015230453365, 0.0, 0.0, 0.0, 456.22626305774446, -9767.722171875608, 0.0, 0.0, 0.0, 6492.955004066046, 0.0, 19.97835658617555, -407.6692832297624, 0.0, 271.77008060545495, 1.1973746837585233, 0.0, 26.498746731385875, 0.0, 0.0, -372.45331210547835, 0.0, 0.0, 224.29515385508176, 0.0, 0.0, 0.0, 0.0, 4.236029953426733, -59.55470539452605, 0.0, 0.0, 0.0, 0.0, 0.0, 121.91399956708229, 138.98118139000312, 0.0, 0.0, 0.0, 0.0, 180.49818927696924, 0.0, -281.66798419736375, 0.0, 0.0, 0.0, 0.0, 35.492584579614515, 0.0, 6.118934221376741, 65.5233181173524, 136.61058350261126, 0.0, 0.0, -352.1153889961152, 0.0, -881.7302358533623, 0.0, 563.5592124565321, 0.0, -189.92457539221178], [57.771683774607276, 0.0, -752.8843955697708, 476.34279924363994, 0.0, 57.771683774607276, 0.0, 0.0, 0.0, 476.34279924363994, 0.0, 0.0, 57.771683774607276, 0.0, -752.8843955697708, 0.0, 0.0, 0.0, 0.0, 0.0, 0.0, 0.0, 0.0, -387.1870108926465, 0.0, 0.0, 0.0, 0.0, 227.9146070092485, 0.0, 0.0, -3915.7658051304898, 0.0, 0.0, 3370.547664063682, 0.0, 17.368218526367677, 0.0, 0.0, 240.3011501658393, 0.0, 0.0, 462.03976695660225, 0.0, -6109.306671430602, 0.0, 0.0, 4090.890067080578, 0.0, 22.521858328675464, 0.0, -299.5152998892176, 200.60632273401373, 4.686987287804568, 0.0, 0.0, 47.46805235728833, -36.0690969004985, 0.0, 0.0, 0.0, 0.0, 0.0, -365.3419745565582, 0.0, 0.0, 21.748842870314967, 0.0, -189.66410340212207, 0.0, 0.0, 0.0, 0.0, 82.8381111661204, 80.60047271901523, 0.0, 0.0, 0.0, 0.0, 0.0, 107.31374958117411, 0.0, -230.33952054720078, 0.0, 0.0, 0.0, 28.358538828637585, 0.0, 5.572372279575537, 76.05333347933053, 0.0, 82.88959213938422, 0.0, 0.0, -260.92105925561907, 0.0, -522.2348901019994, 337.0816833187236, 6.7890584645990515, -130.95264994891167], [38.24214569094087, 0.0, -512.7320726767337, 219.1198182175681, 114.02072870089857, 38.24214569094087, -342.961528564197, 0.0, -169.77054411253658, 0.0, 114.02072870089857, 0.0, 38.24214569094087, 0.0, 0.0, -512.7320726767337, 0.0, 114.02072870089857, 0.0, 0.0, 0.0, 0.0, 0.0, -266.8497441579867, -338.0792958589258, -157.35072214066864, 296.3890317549544, 0.0, 154.15888163803288, 0.0, 0.0, -2790.5488480936256, 0.0, 0.0, 2446.771665833156, 0.0, 12.902797453185599, 0.0, 0.0, 186.01522096254737, 0.0, -274.2628352282775, 306.00200433827877, 0.0, -2776.0479961024485, 0.0, -1390.0305158759593, 1894.442851317065, 975.2304825712405, 7.040426477732167, 0.0, -213.50704066623956, 93.21058339338934, 4.013484312162951, -33.10491779264449, 0.0, 26.168172111586152, 0.0, 0.0, -5.243860810591288, 10.353647346963877, 0.0, 11.80703187497295, -161.36666906331223, 0.0, 7.7158239632007035, 2.554590425469064, 0.0, 0.0, -16.797609049636563, 0.0, 56.43941689314373, 2.281267854849131, 31.267792483580234, 38.483762725262366, 0.0, 20.171430928952535, 0.0, 38.49860624455265, 0.0, 24.60452531460122, 0.0, 0.0, 0.0, -112.90615268180684, -54.81397715234465, 13.601547280788555, 7.295936680026643, 0.0, 62.51598673498013, 0.0, 49.45847110056723, -125.03896743046421, 0.0, -69.00329039048496, 0.0, -101.61755297482613, 164.64979307302312, 2.8453142871041357, -55.63599740627344], [139.61729719542197, 366.10233787982185, 0.0, 0.0, -1062.423091572182, 0.0, 0.0, 366.10233787982185, 0.0, 0.0, -1062.423091572182, 139.61729719542197, 0.0, 0.0, 0.0, 0.0, -1062.423091572182, 0.0, 13.300319479302194, 0.0, 0.0, 91.18453230296205, 0.0, 0.0, 0.0, 0.0, -1179.733402024071, 0.0, 0.0, 575.6274868973265, 0.0, 0.0, 1933.778559486304, 0.0, 0.0, -3359.51929758364, 45.31529936702538, 220.26348342438305, -584.8606058167397, 0.0, 0.0, 0.0, 1127.1043646810074, 0.0, 0.0, 3032.844294369354, 0.0, 0.0, -8169.552959973172, 48.714193331687525, 167.09102159779744, 0.0, 0.0, 12.828187023762096, 0.0, 0.0, 0.0, 0.0, 0.0, 29.06107056317445, 0.0, -254.19144595138096, 0.0, 0.0, -522.3915400483302, 0.0, 42.771254501238715, 0.0, 0.0, 20.56884750062383, 0.0, 0.0, 0.0, 0.0, 0.0, -160.52403779182623, 0.0, 0.0, 0.0, -165.72789407814858, 0.0, 0.0, 0.0, 0.0, 0.0, 111.14594795631862, 0.0, -25.79947040679273, 0.0, -51.39666185251918, 221.46854752196958, 0.0, 0.0, 126.59180610279451, 0.0, 216.30169020335168, 0.0, 0.0, 0.0, 0.0], [136.64805025386852, 0.0, 114.02072870089857, 0.0, -446.8702506460986, 136.64805025386852, 0.0, 0.0, 114.02072870089857, 0.0, -446.8702506460986, 0.0, 136.64805025386852, 0.0, 0.0, 114.02072870089857, 0.0, -446.8702506460986, 0.0, 0.0, 0.0, 0.0, 0.0, 0.0, 0.0, 131.83547078149422, -985.4012886156615, 0.0, 748.4923245612054, 0.0, 0.0, 758.3609545290215, 0.0, 0.0, -1943.8583154872697, 0.0, 42.23703566878389, 0.0, 0.0, -205.68829015846242, 0.0, 0.0, 1150.986728244349, 0.0, 0.0, 0.0, 975.2304825712405, 0.0, -3601.0233595102422, 61.64075763016356, 0.0, 55.245785069805144, 0.0, 13.250740423297007, 0.0, 0.0, 0.0, 0.0, 0.0, 3.415737442867442, 0.0, 0.0, 0.0, 0.0, 0.0, 0.0, 72.8119333656259, 0.0, 0.0, 12.551757536882079, 0.0, 0.0, 10.638429009420795, 0.0, 0.0, 0.0, -72.47207000553527, 0.0, 0.0, 0.0, -71.82771678256326, 0.0, 0.0, 0.0, 0.0, 44.935297540079, 0.0, -15.641547191473801, 0.0, -44.0697496110153, 0.0, 108.89927015198904, 0.0, 0.0, 50.05473042208144, 0.0, 68.9582262088071, 0.0, 0.0, 0.0], [-25.304275376118955, 2.76003511609915, 0.0, 0.0, 13.300319479302194, 0.0, 0.0, 2.76003511609915, 0.0, 0.0, 13.300319479302194, -25.304275376118955, 0.0, 0.0, 0.0, 0.0, 13.300319479302194, 0.0, -25.304275376118955, 0.0, 0.0, 2.76003511609915, 0.0, 0.0, 0.0, 0.0, 0.30277906274689714, 0.0, 0.0, -50.18753308967278, 0.0, 0.0, 7.070923183557073, 0.0, 0.0, 33.020881999981604, -6.4142182139549195, 0.799097080350628, 3.3052245008144356, 0.0, 0.0, 0.0, -186.40302886352157, 0.0, 0.0, 21.15036963262457, 0.0, 0.0, 101.66115075772143, -4.611631025624011, 0.9516327057463791, 0.0, 0.0, -0.009445446921100817, 0.0, 0.0, 0.0, 0.0, 0.0, 0.4760061431536293, 0.0, 6.722794939039361, 0.0, 0.0, 5.326279356045435, 0.0, -0.14593002925194193, 0.0, 0.0, 0.01078764000534688, 0.0, 0.0, 0.0, 0.0, 0.0, 2.1946837991942627, 0.0, 0.0, 0.0, 2.2959902319808694, 0.0, 0.0, 0.0, 0.0, 0.0, 0.48922374237341476, 0.0, 0.2456600306271156, 0.0, 0.2877118148566959, 2.7880829074150464, 0.0, 0.0, 0.7437305810831144, 0.0, 1.699002362132909, 0.0, 0.0, 0.0, 0.0], [23.48113511662471, -444.98489435801395, 0.0, 208.1266197307094, 0.0, 0.0, 0.0, 0.0, 0.0, 0.0, 0.0, 23.48113511662471, 0.0, -444.98489435801395, 0.0, 0.0, 0.0, 0.0, 0.0, -444.98489435801395, 0.0, 0.0, 208.1266197307094, -88.45831759021668, 0.0, 0.0, 0.0, 51.959100899179695, 0.0, 0.0, -1166.2118988410195, 0.0, 0.0, 874.9799979636352, 0.0, 0.0, 5.751623608351512, -206.13067659405232, 105.37648436741021, 0.0, 0.0, 0.0, 175.707048185254, -3321.4470257865605, 0.0, 0.0, 0.0, 1672.0332628953854, 0.0, 5.997091256078772, -102.10555042259291, 0.0, 44.623677822264426, 0.0, 0.0, 0.0, 0.0, 0.0, -195.3327193419186, 0.0, 0.0, 91.28221104689987, 0.0, 0.0, 0.0, 0.0, 0.38672678128221655, -5.118848419630756, 0.0, 0.0, 0.0, 0.0, 0.0, 33.694577561805424, 35.32239204739031, 0.0, 0.0, 0.0, 0.0, 40.510360455730556, 0.0, -79.15416140312902, 0.0, 0.0, 0.0, 0.0, 6.519314514749251, 0.0, 1.2011497096016273, 14.004556366289771, 66.00640242796821, 0.0, 0.0, -119.56467933197108, 0.0, -330.8864699949253, 0.0, 154.0982315978092, 0.0, -59.253494818346034], [13.057620052107488, -270.08716332631354, 0.0, 134.05481940956926, 0.0, 0.0, 0.0, 0.0, 0.0, 0.0, 0.0, 13.057620052107488, 0.0, 0.0, 0.0, 0.0, 0.0, 0.0, 0.0, 0.0, -270.08716332631354, 0.0, 0.0, -45.21165913543769, 0.0, 0.0, 0.0, 28.746895965789008, 0.0, 0.0, -715.4574939735487, 0.0, 0.0, 563.252914281404, 0.0, 0.0, 3.2960382987573125, -129.82268047711446, 64.8479135975673, 0.0, -196.64271540964637, 0.0, 97.1987708338678, -2005.4494685470972, 0.0, 0.0, 0.0, 1074.6189322333091, 0.0, 0.0, -54.32622159456494, 0.0, 27.00716002813691, 0.005613955263617387, -0.3290634176420002, 0.3233611363037636, 0.0, 0.0, -120.5146883510085, 0.0, 0.0, 59.288996139787656, 6.914005532508941, 0.0, 0.0, 0.0, 0.0, 0.0, 0.0, 0.0, 0.14106184457148413, 0.0, 0.0, 19.466588563102427, 21.22786140095908, 0.0, 0.0, 26.028905564313636, 0.0, 0.0, 0.0, 0.0, 0.0, -46.32798748597041, 0.0, 0.0, 4.167600842158795, 0.0, 0.0, 8.403984671066185, 34.716844336125064, 0.0, 0.0, -64.86378480580115, 0.0, 0.0, 0.0, 102.8972893181505, 0.0, -38.91382968270774], [2.76003511609915, -123.96848411347366, 0.0, 0.0, 91.18453230296205, 0.0, 0.0, -123.96848411347366, 0.0, 0.0, 91.18453230296205, 2.76003511609915, 0.0, 0.0, 0.0, 0.0, 91.18453230296205, 0.0, 2.76003511609915, 0.0, 0.0, -123.96848411347366, 0.0, 0.0, 0.0, 0.0, 1.5810614276247619, 0.0, 0.0, 7.070923183557073, 0.0, 0.0, -384.6212249513186, 0.0, 0.0, 339.58152910040167, 0.799097080350628, -65.29378418933362, 47.9036931401369, 0.0, 0.0, 0.0, 21.15036963262457, 0.0, 0.0, -961.330478837229, 0.0, 0.0, 729.3479103580007, 0.9516327057463791, -42.06228545150122, 0.0, 0.0, 0.000580555420384605, 0.0, 0.0, 0.0, 0.0, 0.0, -20.042101078756033, 0.0, 13.292119699729126, 0.0, 0.0, 67.09903496068965, 0.0, 0.01078764000534688, 0.0, 0.0, -0.1268630964377645, 0.0, 0.0, 0.0, 0.0, 0.0, 15.236680569470161, 0.0, 0.0, 0.0, 18.72007208410845, 0.0, 0.0, 0.0, 0.0, 0.0, -24.977294857161734, 0.0, 3.1516667582202267, 0.0, 4.6455170724857195, 10.267982854778026, 0.0, 0.0, -35.855666414095765, 0.0, -68.66836183777944, 0.0, 0.0, 0.0, 0.0], [5.870923694367946, 208.1266197307094, 0.0, -254.2051881636299, 0.0, 0.0, 0.0, 0.0, 0.0, 0.0, 0.0, 5.870923694367946, 0.0, 208.1266197307094, 0.0, 0.0, 0.0, 0.0, 0.0, 208.1266197307094, 0.0, 0.0, -254.2051881636299, 70.76928041659369, 0.0, 0.0, 0.0, 16.009266498160745, 0.0, 0.0, 874.9799979636352, 0.0, 0.0, -943.1521766392524, 0.0, 0.0, 1.4460647901667056, 105.37648436741021, -124.63896839186867, 0.0, 0.0, 0.0, 45.10232036413213, 1672.0332628953854, 0.0, 0.0, 0.0, -2000.311863271134, 0.0, 0.7907109181015239, 44.623677822264426, 0.0, -49.62315880059483, 0.0, 0.0, 0.0, 0.0, 0.0, 91.28221104689987, 0.0, 0.0, -124.8289226269368, 0.0, 0.0, 0.0, 0.0, 0.22309592646083798, 3.824741893856994, 0.0, 0.0, 0.0, 0.0, 0.0, -37.17099593749819, -41.81847926953614, 0.0, 0.0, 0.0, 0.0, -45.09741070944071, 0.0, 54.726487645122326, 0.0, 0.0, 0.0, 0.0, -6.711199136078888, 0.0, -1.2345193589407197, -14.3941101827052, 14.00484739149599, 0.0, 0.0, 66.9732133025775, 0.0, 154.0982315978092, 0.0, -195.52282037755356, 0.0, 24.253979973277247], [305.7351762118995, -363.2154824441415, -3924.1528397481525, 3449.869101532023, 0.0, 288.4283785789273, -1686.6440205633933, 0.0, 0.0, 1602.7013332529443, 0.0, 6.299847166312438, 35.211643336674506, -185.54216909239014, -387.1870108926465, -266.8497441579867, 0.0, 0.0, 0.0, -88.45831759021668, -45.21165913543769, 0.0, 70.76928041659369, -44253.350313636314, -2649.1058180375107, 0.0, 0.0, 37.40746408134406, 1546.3891621553407, 0.0, -2702.148626038383, -31625.866631194414, 0.0, 2599.4503879716303, 29284.514175388584, 0.0, 68.80670101317139, -228.13784803928084, 193.5390949568904, 1294.23386814572, -69.55532618612285, -1232.227066776506, 2538.0719911414144, -3114.9467745744137, -34009.62341357623, 0.0, 0.0, 30778.572502975174, 0.0, 47.06092938538639, -103.47840132507652, -1025.1473322721852, 953.0034579157492, 72.5220659231937, -461.78400724746143, 20.851535885066767, 692.4781203117939, -56.29407604083472, -29.56797186072548, 0.0, 29.998111641305222, 24.303594212352678, 19.201630282117936, -728.7505267079226, 0.0, 57.036643740059596, 66.39651755010482, -29.019302679084262, -701.6354632760974, 0.0, 5.2547235749833465, 523.2568823396159, 0.0, 514.540814149647, 684.994061048867, 0.0, 0.0, 12.804732169340081, 206.58739994450116, 33.49893546269002, 233.159656991494, -135.02644452463585, -1091.576881042971, -41.64378623923278, -1012.7072800964206, 0.0, 233.64746414361773, 0.0, 30.20972897662903, 935.7613791923814, 17.189968624769868, 201.57305725496389, -1092.9229581730092, -212.5034203663474, -1301.4777545175868, -175.58799174190986, -1824.5541350140295, 2929.4522114249667, 41.167416375064214, -824.7596025967779], [148.87209762220772, 0.0, -2063.673139905788, 1698.488043428661, 0.0, 137.06911140991232, -1818.372276243876, 0.0, 0.0, 0.0, 0.0, 0.0, 16.32313508080113, 0.0, 0.0, -338.0792958589258, 0.0, 0.0, 0.0, 0.0, 0.0, 0.0, 0.0, -2649.1058180375107, -3581.148721443395, 0.0, 0.0, 0.0, 869.3151130389516, 0.0, 0.0, -20404.92399427351, 0.0, 0.0, 19173.82595730896, 0.0, 48.04252565920968, 0.0, 0.0, 811.0678864135633, 0.0, -1588.8849201263954, 1247.085881515097, 0.0, -18267.66057573801, 0.0, 0.0, 15460.238221598625, 0.0, 0.0, 0.0, -745.6671274710633, 646.5745249618975, 12.85355896813078, -286.1755727313642, 0.0, 263.3659774777221, 0.0, 0.0, 0.0, 38.58366547172064, 0.0, 70.96197265380707, -925.1843531301732, 0.0, 50.51692006783397, 0.0, 0.0, 0.0, 0.0, 0.0, 470.45498136850773, 0.0, 208.29948377073651, 326.89043660339473, 0.0, 0.0, 0.0, 300.1726480937987, 0.0, 0.0, 0.0, 0.0, 0.0, -1110.833800523621, 0.0, 161.43494214177042, 0.0, 0.0, 554.2366135696844, 0.0, 94.08981344271916, -879.2945108442632, 0.0, 0.0, 0.0, 0.0, 1323.988755501875, 16.470072619115058, -341.3197489034496], [29.79945260309659, 0.0, -387.87628281818775, 0.0, 322.5909027486612, 29.4808894760913, 0.0, 0.0, -366.6562887494559, 0.0, 304.4908158099399, 0.0, 11.909394290634252, 0.0, 0.0, -157.35072214066864, 0.0, 131.83547078149422, 0.0, 0.0, 0.0, 0.0, 0.0, 0.0, 0.0, -600.5018928371973, 947.8919927027333, 0.0, 204.6386602016262, 0.0, 0.0, -3387.766425832544, 0.0, 0.0, 3111.209344672695, 0.0, 7.580010586221006, 0.0, 0.0, 146.92310994663308, 0.0, 0.0, 255.55980686603516, 0.0, 0.0, 0.0, -3402.647272940611, 0.0, 2884.3224250248986, 13.235547369613126, 0.0, -168.89964219185762, 0.0, 5.702754650447402, 0.0, 0.0, 0.0, 0.0, 0.0, -6.59566696424027, 0.0, 0.0, 0.0, 0.0, 0.0, 0.0, 5.903651637254687, 0.0, 0.0, -45.84597556169724, 0.0, 0.0, 4.023889397852434, 0.0, 0.0, 0.0, 60.680293871836234, 0.0, 0.0, 0.0, 79.1310887725296, 0.0, 0.0, 0.0, 0.0, -185.65870199848354, 0.0, 27.793578845994087, 0.0, 78.29973325338383, 0.0, 18.449785136211084, 0.0, 0.0, -160.6682032943551, 0.0, -241.74874924769296, 0.0, 0.0, 0.0], [1265.5845178761497, 1021.9336152143902, 667.3621484117338, 0.0, -4694.1689952977185, 817.5583040882404, 0.0, 1007.8786076915445, 665.638318433555, 0.0, -4669.51521260451, 234.17180622595902, 350.22082252077456, 0.0, 0.0, 296.3890317549544, -1179.733402024071, -985.4012886156615, 0.30277906274689714, 0.0, 0.0, 1.5810614276247619, 0.0, 0.0, 0.0, 947.8919927027333, -12308.599189237037, 0.0, 5208.708624220411, 2588.6050583288957, 0.0, 5485.949066718786, 7664.7036364447595, 0.0, -12454.574270640993, -11905.951213173978, 369.3853989562588, 638.9345426449112, -1410.8387073085837, -962.2188296782438, 0.0, 0.0, 10773.098655265627, 0.0, 0.0, 8834.538710935169, 5836.943785016178, 0.0, -38304.17968093768, 523.2053925464272, 474.86067633942633, 303.82200496619976, 0.0, 162.7587045436301, 0.0, 0.0, 0.0, 0.0, 0.0, 40.20175750155912, 0.0, -200.74670622081916, 0.0, 0.0, -1163.4983364122604, 0.0, 668.9339891414244, 0.0, 0.0, 214.2497137356217, 0.0, 0.0, 57.281112555961386, 0.0, 0.0, -383.5902285951519, -366.046656414584, 0.0, 0.0, -434.64538157537424, -387.140351953151, 0.0, 0.0, 0.0, 0.0, 722.1611620427268, 0.0, -250.50849223424825, 0.0, -566.5434258448303, 425.02577364918716, 438.02964952223533, 0.0, 392.78130055803086, 286.7502376441157, 676.7039302373363, 417.2640467037364, 0.0, 0.0, 0.0], [-802.2646923664668, 317.5002683009487, 0.0, 395.9700339179048, 0.0, 0.0, 0.0, 0.0, 0.0, 0.0, 0.0, -615.7336703178632, 0.0, 164.05551923595098, 0.0, 0.0, 0.0, 0.0, 0.0, 51.959100899179695, 28.746895965789008, 0.0, 16.009266498160745, 37.40746408134406, 0.0, 0.0, 0.0, -4003.2525993969743, 0.0, 0.0, 1437.7433833422258, 0.0, 0.0, 2430.8736945147202, 0.0, 0.0, -249.79058195045573, 98.12931092751349, 124.05846242864475, 0.0, 75.89193958791124, 0.0, -6591.13102277372, 2592.3689993083276, 0.0, 0.0, 0.0, 3360.2612050348616, 0.0, -183.82860857182635, 98.52824926760363, 0.0, 105.93892990280442, -32.50581687935374, 1.4294033320645456, 21.268911726874197, 0.0, 0.0, 68.00492811207371, 0.0, 0.0, 105.89005848027352, -89.28813479944654, 0.0, 0.0, 0.0, -183.1230974288618, 37.38249943915708, 0.0, 0.0, 1.2377001463006982, 0.0, 0.0, 36.79512108661299, 75.12230027573602, 0.0, 0.0, 15.275656407897218, 0.0, 77.25969136488851, 0.0, 61.61224747981952, 0.0, 23.295182172568474, 0.0, 0.0, 24.576230172292355, 0.0, 4.1099600038800395, 52.32350230561888, 36.456958078874706, 0.0, 0.0, 92.27707630609207, 0.0, 145.3727829029107, 0.0, 331.0441911269626, 0.0, 54.67185389501105], [-6082.435766273894, 0.0, 2341.2983044020593, 1582.5406665247053, 1759.2332627501182, -5900.77431578273, 745.1515835510938, 0.0, 163.2802300175612, 1179.9966435752242, 1745.7904002596192, 0.0, -1552.7345731959847, 0.0, 227.9146070092485, 154.15888163803288, 0.0, 748.4923245612054, 0.0, 0.0, 0.0, 0.0, 0.0, 1546.3891621553407, 869.3151130389516, 204.6386602016262, 5208.708624220411, 0.0, -43475.476892826955, 0.0, 0.0, 14647.11900751411, 0.0, 0.0, 27978.45391023147, 0.0, -1570.5318224623668, 0.0, 0.0, 823.623691964079, 0.0, 599.047572174581, -52421.08661827003, 0.0, 18428.385944371523, 0.0, 1423.6613593856573, 14222.101623167975, 15373.556300281953, -1898.1662470658755, 0.0, 817.446528472499, 560.270095358897, -705.5510778953841, 68.75661941321114, 0.0, 203.506262929573, 45.00769603173681, 0.0, 2.4255826592827874, 3.0463833067290285, 0.0, -521.2471997169156, 867.2102757061883, 0.0, -499.31590107300525, -2488.010038714297, 0.0, 585.9518112826439, 33.57229021359117, 0.0, 213.6185594102864, -170.8287152700891, 108.71972793753665, 307.6971645719247, 0.0, 328.594626114341, 0.0, 60.196659114228794, 0.0, 563.31769514733