"{\"x\": [-4.9453662304011985, -4.236173107996277, -3.034225772873997, 0.7741980574385424, 0.245137557645642, -0.44654473490243707, 0.5408531802056535, 0.8337309988363388, -0.1179923232732171, -0.09254743546626339, -0.338480585206629, 0.20395430501460818, -0.16317656075179537, 0.34604587833486844, -0.2213732158549884, -0.1272818557176708, 0.34727088156706426, 0.43070823738897157, 0.16157043450114952, 0.40544934880240346, 0.6541432776402715, 0.6562750461721162, 0.6741921048182047, 1.0629558780777697, -0.2977222554791767, -0.8098691874794836, 0.19138057801964578, 0.21681521047504904, 1.094071805508771, 0.41761449848464866, 0.7779295602018438, -0.5526199964173366, 0.37247265651907296, 0.39984209139298693, 0.2651872211167565, 0.7645387603319914, -0.6855778651314894, 0.27912885787696856, -2.451535769969199, -4.316248591602619, -4.406756287726292, -1.9248797195659904, -5.0150213482250745, -2.8870666846351347, -1.5127721938400183, -5.968447218348671, -2.5602558124894155, 2.1718198528302426, -0.4125927496779944, 2.574458786036358, -0.6149879725833911, -0.1382299250044888, -0.3287468303155402, 0.12312715118695527], \"success\": true, \"status\": \"Algorithm optimized\", \"fun\": -37281.76608333303, \"jac\": [0.001780349108269741, 0.0033700680557160467, -0.010374763176777435, -0.0017586123929600461, 0.0020786253661695397, 0.0004820118272432783, 0.003171183144057288, -0.005012427436628997, 0.0002587505572186899, -0.01551824915544131, 0.0012882218706294912, -0.002021882228600669, 0.004492782231787729, -0.007852113048276266, 0.003158599066596768, 0.0024369794000644873, 0.00036495620868981504, -0.0004002775380440582, 3.160839269256144e-05, 0.010230600408087653, 0.035660617336418454, -0.046011156375556084, 0.0011696897417115687, 0.003870379630052767, -0.005363504075003078, 0.0006956605034367236, 0.004563189853779903, -0.007673241304042122, -4.102052159815628e-05, 0.0008145382214530539, -0.0009835714975610088, 0.0007903327986463204, 0.0003768479937900082, 0.0025455122253168483, -0.004430785477012478, -4.537842818574944e-05, 0.0026035976093670143, -0.0035299332706886233, 0.0008325428462405693, 0.0012931069033133014, -0.0017694173129689794, -0.0014360324061302165, -0.0008567306652266238, -0.00022529917618985262, -0.001272668846790781, -4.1542996891186235e-05, 0.0011602235970302743, -0.0008384052802270503, -0.0014421525087566778, 0.0018247962125750306, -0.0007122099967087347, 0.00171388496334135, 0.0011148468187403004, -0.001258263834846618], \"hess\": [[-1427.2315691463386, 565.1885159862554, 629.3083165688219, 46.76340162648845, 49.01399605034106, -69.52177498673201, 29.98562617207705, 27.79564914051583, 589.0489789518184, 1245.081199567758, -130.3704620869216, 48.33667368559689, 436.2577847000519, 532.5508823035645, -1058.1272809362242, 428.1921423088026, -487.058173580335, 198.6976670213812, 218.086810610193, -5229.17653076599, 2053.6203902454017, 2868.6425228159137, -1021.0938229631695, 472.64849593799516, 398.6477620258913, -446.04538569950205, 175.29426584321826, 195.74689554492994, -144.9200951204551, 59.971422137840946, 69.2875116700647, 39.479558281114436, 47.94106326843881, -596.5643021869307, 215.59360087047384, -436.23213684130815, 150.35929105983243, 247.55713926455732, -426.17999325003757, 137.012524882671, 106.17436242369746, 117.54757781019609, 23.94408074087956, 4.839661033307118, 61.97875866431525, 80.9682472606567, 185.8410661207829, 319.73841040150023, 193.29197945220136, 181.86319998808287, 62.27674706610405, -869.2570328801598, -182.46526267387588, 72.44831512372275], [565.1885159862554, -7668.4399884322265, 4658.343804519824, -1323.7275188842355, 823.8890456313435, 29.98562617207705, -927.4276907189584, 613.1194827565315, -8211.140383110082, 7521.144269857672, 56.360753382751696, 630.4958757494105, -5720.266578136079, 3524.655806070054, 428.1921423088026, -6127.026162776159, 198.6976670213812, -2372.685210209137, 1531.645762695907, 2053.620390245402, -31870.51573306292, 26943.31590297576, 472.64849593799516, -5149.580621256996, 2976.9499872727283, 175.29426584321826, -3985.60027446402, 2457.921576515474, 59.971422137840946, -522.0863683704893, 385.17998256820744, -948.1074583678072, 540.8897132025842, 262.2233706784554, 2312.0505568606322, 150.35929105983243, -1155.407041120221, 863.2113736304332, 165.08551081519556, -1953.8412332359221, 788.0084467783864, 994.1727766075612, 224.15531249801933, 43.0501987618468, 545.9244757915496, 771.9266229212379, -2388.521738419415, -4303.419184399397, 2609.7478941876593, -2370.5008539797564, 1332.317106407477, 501.60161038958296, 72.44831512372275, -1238.7223196329146], [629.3083165688219, 4658.343804519824, -7230.3089639875725, 823.8890456313435, -1266.222372767193, 27.79564914051583, 613.1194827565315, -956.2637920438684, 6725.574245042107, -10473.387358755419, 48.33667368559689, -932.2017294571414, 3524.655806070054, -5577.016459360889, 442.6689323103725, 3670.147473780323, 218.086810610193, 1531.645762695907, -2193.1933328156256, 2868.6425228159137, 26943.31590297576, -32331.865216613813, 398.6477620258913, 2976.9499872727283, -4015.3987264769066, 195.74689554492994, 2457.921576515474, -3798.760044139597, 69.2875116700647, 385.17998256820744, -518.9136545845107, 540.8897132025842, -970.5135713499823, 215.59360087047384, -3565.600765626436, 247.55713926455732, 863.2113736304332, -1263.9328834926846, 232.79595782483858, 1574.866054386465, -1126.6638688843148, -1292.6694606250696, -252.7455151973048, -48.60523272771391, -619.4270497583591, 660.1439200940074, 1659.0794270264034, 2609.7478941876593, -3315.3577250176263, 1332.317106407477, -1544.5992674932468, 255.5687265183054, 80.37543551768938, 760.3523768343576], [46.76340162648845, -1323.7275188842355, 823.8890456313435, -1323.7275188842355, 823.8890456313435, 0.0, 0.0, 0.0, -790.5987456918779, 106.25289131128073, 5.254030607474381, 117.54237718028521, -969.320273739227, 602.7948119695129, 35.233325102017815, -1002.0668903833368, 14.834333600933832, -363.06852817390995, 227.91361606871413, 132.06172693810643, -4050.26643734378, 3383.8993888112004, 0.3457585623268738, -3.234929059283902, 1.9176697175272277, 13.018797370607059, -659.7297335719347, 425.4299220340772, 0.4455711551122759, -7.588986393799987, 5.804843351774329, -527.1957144182334, 327.62237310441526, 24.859163672146337, 390.49503114051555, 0.17379531230319478, -4.538847943136407, 3.7842972348841277, 10.772647803093232, -258.7598496558892, 141.577899175424, 174.81841030795113, 28.31523493670054, 4.862557375394714, 46.74788128801994, 146.3406254810435, -341.74515313784417, -682.3963735201486, 420.37361935971677, -508.31431206844195, 305.5849027242352, 42.21518365722577, 5.621389123938562, -196.9712488401582], [49.01399605034106, 823.8890456313435, -1266.222372767193, 823.8890456313435, -1266.222372767193, 0.0, 0.0, 0.0, 643.7854540087528, -122.24373296980552, 5.151501177745526, -167.387111796426, 602.7948119695129, -961.4487343079564, 35.10817845636878, 627.2147035936968, 12.518213761627045, 227.91361606871413, -309.8285532810074, 152.2966843207105, 3383.8993888112004, -4025.4934875890403, 0.05117523249706497, 1.9176697175272277, -2.1229018226336684, 14.008722142742869, 425.4299220340772, -641.0582159897757, 0.4009157872526932, 5.804843351774329, -7.224416911871567, 327.62237310441526, -569.9765024759084, 22.195958031096083, -541.3999111605439, 0.5480054505397585, 3.7842972348841277, -5.1067335806564245, 12.328609487274669, 205.31790227030532, -201.31736240347593, -220.3778376158856, -30.555794898988463, -5.1786690324343905, -49.97151505742978, 130.96420713095415, 241.04311618081883, 420.37361935971677, -565.0466305051026, 305.5849027242352, -362.484376833299, 20.42617925641245, 4.862866772429478, 118.75076586102976], [-69.52177498673201, 29.98562617207705, 27.79564914051583, 0.0, 0.0, -69.52177498673201, 29.98562617207705, 27.79564914051583, 22.908666952130538, 3.540543926205149, -5.186972628251611, 2.04929116785952, 24.424751956093107, 23.3252736441518, -60.909607093828534, 26.26515018519696, -14.569019915609559, 6.968941265420342, 5.749140036877996, -179.4787141521725, 82.5411667275918, 83.98835734396705, -52.453189889893295, 27.839703884203868, 16.8325928012137, -18.889051669246076, 7.181396558343697, 8.635409931374584, -2.9574704598515225, 1.3802095548496518, 1.3559846411564136, 0.25693807573033006, 0.16056931498973284, -54.48714796504149, 21.3581237279114, -5.293102798844775, 2.1498826377478877, 2.651594605670309, -14.861750960003812, 5.454715182523861, 4.106229961136572, 4.691477542934569, 0.5523868954373035, 0.09304494533747235, 1.1907289541395394, 3.4426894707294067, 7.886367025401933, 15.946842829477479, 7.214820391678972, 11.49899998651349, 3.26535752366316, -43.112994971419894, -7.334987660189661, 3.157895532119028], [29.98562617207705, -927.4276907189584, 613.1194827565315, 0.0, 0.0, 29.98562617207705, -927.4276907189584, 613.1194827565315, -733.998861706435, 61.929342499055, 2.1335204308234164, 68.22143319776261, -733.5191451201249, 487.0352322600419, 26.26515018519696, -841.179417054087, 6.968941265420342, -182.33517240583092, 132.50178817557247, 82.5411667275918, -3028.8779030790315, 2642.0814607243415, 27.839703884203868, -740.6488834288667, 470.2083663127849, 7.181396558343697, -449.76371951325376, 310.55814440503536, 1.3802095548496518, -28.858144518526974, 23.406009228108086, -10.031183276568443, 7.738001022027236, 23.57977985250899, 487.1650438758577, 2.1498826377478877, -33.553964790866914, 25.80042482301828, 6.736125110562584, -186.58115421014517, 94.71372403316597, 121.19853777472518, 21.004235138523125, 3.8978233201551458, 40.84038172857366, 81.81482098123749, -247.66815458005112, -480.7609585170466, 319.5644146046194, -321.82218412722136, 199.49516543721853, 27.44584281599097, 3.157895532119028, -138.58290770812314], [27.79564914051583, 613.1194827565315, -956.2637920438684, 0.0, 0.0, 27.79564914051583, 613.1194827565315, -956.2637920438684, 625.6848223201605, -80.77862992666236, 2.04929116785952, -105.43482929596077, 487.0352322600419, -764.8195434672543, 24.14820686043428, 554.665692560685, 5.749140036877996, 132.50178817557247, -176.84636898367248, 83.98835734396705, 2642.0814607243415, -3077.6476071833777, 16.8325928012137, 470.2083663127849, -594.8594710587596, 8.635409931374584, 310.55814440503536, -495.46740852470606, 1.3559846411564136, 23.406009228108086, -27.779885408897837, 7.738001022027236, -9.535896934543032, 21.3581237279114, -770.6297334610662, 2.651594605670309, 25.80042482301828, -33.472707967832896, 6.93001888304525, 155.75343772728124, -132.11172089621138, -151.13355152456913, -21.864324380301525, -4.031128865714488, -43.043922045337624, 92.36024079697489, 180.47583046631007, 319.5644146046194, -386.47552357095424, 199.49516543721853, -222.8463477122164, 10.480177915342134, 2.961986854435282, 92.05387110190586], [589.0489789518184, -8211.140383110082, 6725.574245042107, -790.5987456918779, 643.7854540087528, 22.908666952130538, -733.998861706435, 625.6848223201605, -49451.31524088719, 17715.87381505282, 48.43033154974466, 906.0074697606017, -6551.103742939054, 5363.197960159445, 410.78366755298185, -6122.276775609226, 188.2635463511551, -2626.432100078029, 2228.8100960908555, 3058.5357215225476, -68966.67748741334, 64657.04532226827, 536.3375968148994, -6598.144201666366, 5362.01520736626, 157.99602457242304, -3743.7366642026964, 3130.7429525656703, 108.73308643153067, -1159.0354467516584, 964.8414314327155, -537.997196949375, 415.98331773835145, 165.2299559999702, 2411.070916675401, 217.1424238176002, -2230.3805419041205, 1960.7703467262972, 246.52219642071051, -4087.06428156251, 1295.8672333631698, 1284.5057575388917, 520.8601378396073, 113.40943753975282, 1778.6705042888857, 330.65014212452684, -3941.5503854044478, -5056.469471344922, 4176.58812913699, -3154.670911765163, 2548.9861159051134, 589.0489789518184, 82.97013109259596, -1460.0227910087494], [1245.081199567758, 7521.144269857672, -10473.387358755419, 106.25289131128073, -122.24373296980552, 3.540543926205149, 61.929342499055, -80.77862992666236, 17715.87381505282, -31420.69260154447, 80.79668843872884, -1300.4825688729754, 5780.669257085751, -8174.544011121465, 809.478208333491, 5561.282422271329, 461.88736983491464, 2926.4766317700905, -3868.412694730257, 7177.923426045623, 65154.15487527264, -74746.27830465963, 909.5146851428942, 5995.287451154026, -7678.155415002387, 362.98558364962327, 3759.789146955904, -5174.367071967541, 160.94224992868874, 968.5254674605759, -1222.950375654404, 425.09209440744735, -703.1940052735356, 303.1709388345509, -4031.9180565010765, 641.3505714754706, 2362.749410704323, -3230.095444538589, 577.4508604820184, 3662.8873437843613, -1749.483919225543, -1960.9231856972322, -733.1777129541772, -158.91311849476898, -1906.0181754601522, 627.4255980591832, 3216.2892940586958, 4284.929121141659, -5143.393030712847, 2092.8333182141537, -2349.9528464387276, 551.9660017664423, 163.61836700694653, 1311.69907273287], [-130.3704620869216, 56.360753382751696, 48.33667368559689, 5.254030607474381, 5.151501177745526, -5.186972628251611, 2.1335204308234164, 2.04929116785952, 48.43033154974466, 80.79668843872884, -130.3704620869216, 48.33667368559689, 0.0, 0.0, -116.450966499936, 49.69348625472488, -43.61821850223483, 18.480323440960507, 17.457201036956295, -427.0535825718432, 193.2085592342065, 201.58614500461562, -89.77791616727085, 46.35438607044193, 26.638738367963654, -39.41755521308714, 16.102078027457242, 15.970987454530004, -5.049415974431212, 2.4505040030918575, 2.044772526013979, 0.5453471247664119, 0.6599734077672078, -93.98966647194916, 33.14721411967279, -13.57682078505519, 5.5651905771345005, 6.602203960932979, -34.750487118441505, 12.566200587162923, 7.348798684590439, 9.451439861210252, 1.506531074360121, 0.25915112625826603, 3.6260292086061217, 8.496112468701007, 17.602281840688512, 32.76952084190843, 11.710945796551812, 15.272510795791172, 2.4902575589618943, -72.58913202487128, -15.83229085533686, 6.672626298898431], [48.33667368559689, 630.4958757494105, -932.2017294571414, 117.54237718028521, -167.387111796426, 2.04929116785952, 68.22143319776261, -105.43482929596077, 906.0074697606017, -1300.4825688729754, 48.33667368559689, -932.2017294571414, 0.0, 0.0, 43.26993108099595, 562.4495276431469, 17.457201036956295, 207.7006737462409, -291.13477840665695, 201.58614500461562, 3714.822417730075, -4246.1310474648735, 26.638738367963654, 378.63275204464725, -494.97280685747444, 15.970987454530004, 335.72175745668505, -495.1458057310037, 2.044772526013979, 24.65272072744033, -30.18491321446991, 12.457929612178821, -16.23213372721234, 33.14721411967279, -687.8665545464181, 6.602203960932979, 45.29230642372615, -59.4914256218477, 16.247454654147813, 212.41137741247596, -137.99943213965906, -169.3904973287849, -32.305637245399105, -5.711806573197043, -79.81679754655288, 85.39864521812157, 226.34813735500057, 350.6220713327147, -422.4919725785247, 150.58131364015955, -165.98790509225717, 14.201203355513707, 6.0745734590225045, 101.27536090534721], [436.2577847000519, -5720.266578136079, 3524.655806070054, -969.320273739227, 602.7948119695129, 24.424751956093107, -733.5191451201249, 487.0352322600419, -6551.103742939054, 5780.669257085751, 0.0, 0.0, -5720.266578136079, 3524.655806070054, 311.4911082270263, -4338.579327299303, 157.64211723429443, -1784.7481225166346, 1160.7168234419169, 1609.721382773795, -23673.072453860535, 20000.48542557648, 369.6021384801579, -3905.03143981811, 2314.6577242995877, 138.83007113830016, -3013.7149950411067, 1866.2813999793048, 55.363401550119306, -470.55364632627885, 345.6424781983317, -923.432825017457, 523.9069180782806, 163.8061136731251, 1453.4224861771543, 138.40684567602275, -1051.0083620530447, 784.4237048733333, 129.35520678501302, -1471.6753382147313, 600.4228185599434, 750.1172294593357, 164.66523188075234, 32.66803789610661, 405.0275241756108, 555.252601066018, -1796.2497027952072, -3194.781015123062, 1972.1679268347436, -1862.7344686827537, 1071.5077941727034, 392.96510512088724, 56.581143655746736, -926.2075767500829], [532.5508823035645, 3524.655806070054, -5577.016459360889, 602.7948119695129, -961.4487343079564, 23.3252736441518, 487.0352322600419, -764.8195434672543, 5363.197960159445, -8174.544011121465, 0.0, 0.0, 3524.655806070054, -5577.016459360889, 354.87582936801493, 2638.399147693765, 185.20317648909077, 1160.7168234419169, -1683.9820984730509, 2472.7265418362645, 20000.48542557648, -24435.44085076508, 347.0797153418275, 2314.6577242995877, -3156.202314648917, 165.0265482223441, 1866.2813999793048, -2940.357437390703, 65.32353756146527, 345.6424781983317, -469.4865531144479, 523.9069180782806, -948.3234144317835, 146.25005125789846, -2313.297016557488, 235.0178002850935, 784.4237048733333, -1160.0996283841346, 200.48133960455192, 1189.030446083032, -875.4086185786014, -991.2146092803811, -189.2190528714444, -37.549820350988895, -469.0436067747228, 515.5022926379321, 1262.9004246850905, 1972.1679268347436, -2558.5353318484754, 1071.5077941727034, -1257.3293994728645, 230.18873499800887, 67.47136234191427, 579.2987644496178], [-1058.1272809362242, 428.1921423088026, 442.6689323103725, 35.233325102017815, 35.10817845636878, -60.909607093828534, 26.26515018519696, 24.14820686043428, 410.78366755298185, 809.478208333491, -116.450966499936, 43.26993108099595, 311.4911082270263, 354.87582936801493, -1058.1272809362242, 428.1921423088026, -487.058173580335, 198.6976670213812, 218.086810610193, -3619.0894705691053, 1489.9964469326003, 1886.9930838352225, -747.3449742591594, 356.31283545469995, 269.3608030384521, -330.59309300164466, 132.4619618497936, 139.20396739801157, -107.07401355430882, 43.46339263983557, 51.11393745408116, 18.611330446588536, 24.821200551343136, -544.4717496759415, 197.49515798691957, -233.1616663500181, 84.19843291749994, 126.97181641107991, -296.15649353519996, 100.63848872708357, 72.29867884568851, 81.39239702526277, 15.252608113551767, 3.082858155312347, 38.889034127914215, 63.71465925439154, 138.40578792807398, 243.41632452771162, 129.02918645491172, 135.12326073531582, 39.232886182361746, -634.557460661436, -134.77943073042255, 54.797864853668926], [428.1921423088026, -6127.026162776159, 3670.147473780323, -1002.0668903833368, 627.2147035936968, 26.26515018519696, -841.179417054087, 554.665692560685, -6122.276775609226, 5561.282422271329, 49.69348625472488, 562.4495276431469, -4338.579327299303, 2638.399147693765, 428.1921423088026, -6127.026162776159, 198.6976670213812, -2372.685210209137, 1531.645762695907, 1489.9964469326003, -24350.648177289706, 20499.099315690128, 356.31283545469995, -4125.36714303151, 2332.4823747655587, 132.4619618497936, -3210.3048696779465, 1963.8502152877488, 43.46339263983557, -380.4246276278464, 275.6496849729267, -495.28492949273095, 292.17055967525033, 237.72255756149144, 2131.4232448117154, 84.19843291749994, -660.6903770601143, 489.85198492616456, 120.18905072726142, -1511.0551165628929, 609.1664733354106, 762.3627308183925, 168.3742301080903, 32.69142521329724, 413.1519045711149, 632.9455880031567, -1880.5283837043728, -3433.4773812667686, 2055.8107794462676, -1874.0540715676173, 1031.3716559500429, 378.5395852630275, 54.797864853668926, -980.8700134027323], [-487.058173580335, 198.6976670213812, 218.086810610193, 14.834333600933832, 12.518213761627045, -14.569019915609559, 6.968941265420342, 5.749140036877996, 188.2635463511551, 461.88736983491464, -43.61821850223483, 17.457201036956295, 157.64211723429443, 185.20317648909077, -487.058173580335, 198.6976670213812, -487.058173580335, 198.6976670213812, 218.086810610193, -1872.138842228332, 746.7468368378036, 1032.518082902496, -356.9888992094268, 166.59753194586133, 143.21343986232137, -142.83523773800258, 57.49286450578688, 64.83250605654523, -36.99305628899457, 16.417466654656202, 17.778544158830325, 3.536440418217095, 5.458013495029662, -230.57801683187606, 84.81209402843314, -159.9462617306078, 56.508265858583705, 90.56379190758197, -152.47437886282296, 50.19218957954543, 36.48401356132701, 39.032632519156316, 8.537351589302322, 1.80661968162999, 23.459508838070324, 24.33190853069285, 68.73987400675965, 114.39920522635325, 63.22044721105022, 59.32913646724502, 18.50758108792009, -286.0061653963309, -62.05065704674673, 24.203677797496557], [198.6976670213812, -2372.685210209137, 1531.645762695907, -363.06852817390995, 227.91361606871413, 6.968941265420342, -182.33517240583092, 132.50178817557247, -2626.432100078029, 2926.4766317700905, 18.480323440960507, 207.7006737462409, -1784.7481225166346, 1160.7168234419169, 198.6976670213812, -2372.685210209137, 198.6976670213812, -2372.685210209137, 1531.645762695907, 746.7468368378037, -11439.747016841617, 9940.251305606744, 166.59753194586133, -1630.0028691518617, 1016.047721954813, 57.49286450578688, -1164.4451934306649, 776.2627855021585, 16.417466654656202, -142.94831203439847, 111.93788650394752, -81.36324359874432, 53.45389285310992, 104.18925296328588, 854.7075579691177, 56.508265858583705, -438.49712465274814, 336.9179892039349, 60.09007324190355, -690.1753346273296, 260.8852816064499, 309.2077110145227, 83.18972680437312, 16.551918986745754, 220.4614519538503, 201.09099801541498, -810.3716162082684, -1343.2463545161286, 863.6519906425018, -678.9917517975142, 409.0227404204718, 173.72834169359822, 24.203677797496557, -360.48657342154286], [218.086810610193, 1531.645762695907, -2193.1933328156256, 227.91361606871413, -309.8285532810074, 5.749140036877996, 132.50178817557247, -176.84636898367248, 2228.8100960908555, -3868.412694730257, 17.457201036956295, -291.13477840665695, 1160.7168234419169, -1683.9820984730509, 218.086810610193, 1531.645762695907, 218.086810610193, 1531.645762695907, -2193.1933328156256, 1032.518082902496, 9940.251305606742, -11567.43949877029, 143.21343986232137, 1016.047721954813, -1333.3392761567998, 64.83250605654523, 776.2627855021585, -1085.4116354749247, 17.778544158830325, 111.93788650394752, -141.2953006731515, 53.45389285310992, -83.74015757463347, 84.81209402843314, -1219.6437980857547, 90.56379190758197, 336.9179892039349, -476.71825015030674, 83.80647589115814, 576.6353093313495, -349.7750359429601, -388.7158089274387, -92.84419921604452, -18.518462862395694, -247.28897110885654, 154.36795529571694, 588.6404337637003, 863.6519906425018, -1034.4254340205216, 409.0227404204718, -457.3147939072578, 81.72802829897033, 28.321883017749098, 240.4696344709489], [-5229.17653076599, 2053.620390245402, 2868.6425228159137, 132.06172693810643, 152.2966843207105, -179.4787141521725, 82.5411667275918, 83.98835734396705, 3058.5357215225476, 7177.923426045623, -427.0535825718432, 201.58614500461562, 1609.721382773795, 2472.7265418362645, -3619.0894705691053, 1489.9964469326003, -1872.138842228332, 746.7468368378037, 1032.518082902496, -30016.234968930807, 10980.118373856792, 18521.864793411612, -3943.9303019854387, 1753.8295695390711, 1991.5300126146897, -1488.0434336938863, 581.9704932629234, 808.9448674301685, -615.3209249941137, 255.51711175280002, 338.1250419578845, 112.3950235146492, 162.7922683963875, -1744.7055481555312, 785.0309607520553, -2156.341498705207, 700.7041441955075, 1392.9614561222788, -2365.5028814585858, 685.4129083311987, 523.158748551814, 565.2947057363481, 165.91278012029977, 35.4109447261418, 477.94417593708505, 132.85304601025103, 776.1814070773956, 1154.4235026300207, 999.2173762840314, 667.3857682090601, 345.8197276043453, -3308.9860591690117, -666.9348872069427, 264.69985408889755], [2053.6203902454017, -31870.51573306292, 26943.31590297576, -4050.26643734378, 3383.8993888112004, 82.5411667275918, -3028.8779030790315, 2642.0814607243415, -68966.67748741334, 65154.15487527264, 193.2085592342065, 3714.822417730075, -23673.072453860535, 20000.48542557648, 1489.9964469326003, -24350.648177289706, 746.7468368378036, -11439.747016841617, 9940.251305606742, 10980.118373856792, -283842.28201395774, 268559.3669488248, 1753.8295695390711, -22793.011719978058, 19066.548083128317, 581.9704932629234, -14920.968499260605, 12759.920133598804, 255.51711175280008, -3383.5482506871094, 3032.162554015279, -2581.4893424413044, 2036.1995402368718, 810.4013965025338, 12051.74563510689, 700.7041441955075, -7857.408514271228, 6946.222017363869, 857.5104199092449, -15227.239948075305, 5062.623113452384, 6357.636101464684, 2328.3999055509735, 474.74893675164765, 6852.468752627615, 1128.5765345403593, -12748.438815423226, -17868.38802217739, 15093.75359801027, -9975.559064878482, 8330.933010662005, 1821.8092708390807, 264.69985408889755, -5314.827617454518], [2868.6425228159137, 26943.31590297576, -32331.865216613813, 3383.8993888112004, -4025.4934875890403, 83.98835734396705, 2642.0814607243415, -3077.6476071833777, 64657.04532226827, -74746.27830465963, 201.58614500461562, -4246.1310474648735, 20000.48542557648, -24435.44085076508, 1886.9930838352225, 20499.099315690128, 1032.518082902496, 9940.251305606744, -11567.43949877029, 18521.864793411612, 268559.3669488248, -291262.9735348001, 1991.5300126146897, 19066.548083128317, -21901.106991079196, 808.9448674301685, 12759.920133598804, -15036.769544624998, 338.1250419578845, 3032.162554015279, -3463.023822928995, 2036.1995402368718, -2667.3909044044563, 785.0309607520553, -14162.935513947403, 1392.9614561222788, 6946.222017363869, -8593.660765485667, 1462.1510017286944, 14200.108228967292, -5915.400820467731, -7219.165357791592, -2505.792571749383, -511.93634215603294, -7355.291825409357, 1072.6566605687553, 11277.397021463248, 15093.75359801027, -16741.547139327915, 8330.933010662005, -8862.0657372341, 1345.037103888377, 362.2912268184838, 4578.435408649055], [-1021.0938229631695, 472.64849593799516, 398.6477620258913, 0.3457585623268738, 0.05117523249706497, -52.453189889893295, 27.839703884203868, 16.8325928012137, 536.3375968148994, 909.5146851428942, -89.77791616727085, 26.638738367963654, 369.6021384801579, 347.0797153418275, -747.3449742591594, 356.31283545469995, -356.9888992094268, 166.59753194586133, 143.21343986232137, -3943.9303019854387, 1753.8295695390711, 1991.5300126146897, -1021.0938229631695, 472.64849593799516, 398.6477620258913, -292.60802116025155, 142.1919903862674, 107.05432796395147, -121.7535601458342, 56.05815101783489, 52.83428675706664, 21.122901412322737, 15.015914439936388, -398.3605190838643, 111.9775679330318, -355.2982019656117, 139.2545074335026, 187.79036942185414, -320.7990191380432, 117.3225584200928, 68.07937651641207, 70.99868673377355, 16.4889626191548, 3.4976947962843092, 48.11732969496046, 52.006171962478966, 160.25812617988512, 265.184149160853, 141.7460600635264, 161.13100495551035, 54.54676404666529, -707.0336062086208, -135.2723150994541, 61.123142379131096], [472.64849593799516, -5149.580621256996, 2976.9499872727283, -3.234929059283902, 1.9176697175272277, 27.839703884203868, -740.6488834288667, 470.2083663127849, -6598.144201666366, 5995.287451154026, 46.35438607044193, 378.63275204464725, -3905.03143981811, 2314.6577242995877, 356.31283545469995, -4125.36714303151, 166.59753194586133, -1630.0028691518617, 1016.047721954813, 1753.8295695390711, -22793.011719978058, 19066.548083128317, 472.64849593799516, -5149.580621256996, 2976.9499872727283, 142.1919903862674, -2523.1806389481335, 1453.6552624719845, 56.05815101783489, -446.3501084892177, 322.4495218462006, -338.67420713881273, 157.33666591416895, 212.07239925011285, 1413.3352995804205, 139.2545074335026, -975.6391940385784, 716.6872555859603, 140.85442424603374, -1396.2977968443467, 504.2442992249231, 615.4555806238088, 154.95809192008795, 31.058394514573855, 424.9691264316216, 527.4974618254497, -1696.4761244179483, -2831.4117903337788, 1632.6872933611514, -1808.9060470793004, 994.3513730252636, 426.31515411636326, 61.123142379131096, -856.3624434328649], [398.6477620258913, 2976.9499872727283, -4015.3987264769066, 1.9176697175272277, -2.1229018226336684, 16.8325928012137, 470.2083663127849, -594.8594710587596, 5362.01520736626, -7678.155415002387, 26.638738367963654, -494.97280685747444, 2314.6577242995877, -3156.202314648917, 269.3608030384521, 2332.4823747655587, 143.21343986232137, 1016.047721954813, -1333.3392761567998, 1991.5300126146897, 19066.548083128317, -21901.106991079196, 398.6477620258913, 2976.9499872727283, -4015.3987264769066, 107.05432796395147, 1453.6552624719845, -1893.3337048659098, 52.83428675706664, 322.4495218462006, -411.98961614498165, 157.33666591416895, -232.32718654173857, 111.9775679330318, -1866.7585204884829, 187.79036942185414, 716.6872555859603, -975.9069733608097, 161.51060936639092, 1112.2013224994698, -646.8854733831637, -744.4823537118689, -173.02777520864495, -34.79952550578501, -478.3932701424121, 218.35712898809817, 1144.273356288442, 1632.6872933611514, -1991.8588982439655, 994.3513730252636, -1138.1273642395363, 196.29282411019165, 53.8060051290629, 505.1799865475082], [-446.04538569950205, 175.29426584321826, 195.74689554492994, 13.018797370607059, 14.008722142742869, -18.889051669246076, 7.181396558343697, 8.635409931374584, 157.99602457242304, 362.98558364962327, -39.41755521308714, 15.970987454530004, 138.83007113830016, 165.0265482223441, -330.59309300164466, 132.4619618497936, -142.83523773800258, 57.49286450578688, 64.83250605654523, -1488.0434336938863, 581.9704932629234, 808.9448674301685, -292.60802116025155, 142.1919903862674, 107.05432796395147, -446.04538569950205, 175.29426584321826, 195.74689554492994, -30.996157243207524, 12.1220848288725, 15.508592323958743, 16.352998656892943, 18.497328445518626, -194.60592406325168, 74.01814346910324, -125.4824315956925, 43.61328623295186, 69.54287389545834, -121.58267474754739, 39.46024156798301, 32.58752425828139, 37.25481837727423, 6.499384926082617, 1.296170537400346, 15.839447550077619, 25.73066029870877, 55.26124982197974, 94.20890436073078, 54.67313535563509, 61.30432295424532, 18.16638356548374, -263.40229027529523, -56.4439941454451, 22.119924123045454], [175.29426584321826, -3985.60027446402, 2457.921576515474, -659.7297335719347, 425.4299220340772, 7.181396558343697, -449.76371951325376, 310.55814440503536, -3743.7366642026964, 3759.789146955904, 16.102078027457242, 335.72175745668505, -3013.7149950411067, 1866.2813999793048, 132.4619618497936, -3210.3048696779465, 57.49286450578688, -1164.4451934306649, 776.2627855021585, 581.9704932629234, -14920.968499260605, 12759.920133598804, 142.1919903862674, -2523.1806389481335, 1453.6552624719845, 175.29426584321826, -3985.60027446402, 2457.921576515474, 12.1220848288725, -186.25602010527447, 140.44590959894424, -559.6911316727584, 316.0912292796188, 83.59646913402935, 1277.1147169589153, 43.61328623295186, -518.9432119784118, 395.95926846718766, 46.93115865300927, -934.4043181086173, 409.7076604486992, 519.4801502791445, 103.73441308551486, 19.58220418252797, 239.04290985920557, 423.7053124278321, -1196.6670329146534, -2170.401224082148, 1344.0663394137605, -1275.4804909931004, 714.0364527981617, 155.51322731497604, 22.119924123045454, -626.6768207798599], [195.74689554492994, 2457.921576515474, -3798.760044139597, 425.4299220340772, -641.0582159897757, 8.635409931374584, 310.55814440503536, -495.46740852470606, 3130.7429525656703, -5174.367071967541, 15.970987454530004, -495.1458057310037, 1866.2813999793048, -2940.357437390703, 139.20396739801157, 1963.8502152877488, 64.83250605654523, 776.2627855021585, -1085.4116354749247, 808.9448674301685, 12759.920133598804, -15036.769544624998, 107.05432796395147, 1453.6552624719845, -1893.3337048659098, 195.74689554492994, 2457.921576515474, -3798.760044139597, 15.508592323958743, 140.44590959894424, -186.22387608936302, 316.0912292796188, -575.8615455072589, 74.01814346910324, -1947.2538661178628, 69.54287389545834, 395.95926846718766, -556.7025285524201, 65.75914700936615, 762.3717350263637, -578.7986234126968, -663.9706693420452, -112.96964230751988, -21.304738549270077, -260.86858536426, 385.42187647995, 844.7966701134608, 1344.0663394137605, -1690.4663018672175, 714.0364527981617, -818.766778162023, 72.83951892111881, 25.32487391129024, 387.1176992190429], [-144.9200951204551, 59.971422137840946, 69.2875116700647, 0.4455711551122759, 0.4009157872526932, -2.9574704598515225, 1.3802095548496518, 1.3559846411564136, 108.73308643153067, 160.94224992868874, -5.049415974431212, 2.044772526013979, 55.363401550119306, 65.32353756146527, -107.07401355430882, 43.46339263983557, -36.99305628899457, 16.417466654656202, 17.778544158830325, -615.3209249941137, 255.51711175280008, 338.1250419578845, -121.7535601458342, 56.05815101783489, 52.83428675706664, -30.996157243207524, 12.1220848288725, 15.508592323958743, -144.9200951204551, 59.971422137840946, 69.2875116700647, 0.0, 0.0, 0.0, 0.0, 0.0, 0.0, 0.0, -50.40854252689757, 17.384742967073457, 11.596232610999447, 11.93590856252743, 2.809465438201117, 0.5714748707293331, 8.548801990341582, 5.666169595284449, 23.81502215239639, 30.93892069413712, 25.627348211636765, 23.179580393014543, 9.38370231524195, -98.88085741782706, -19.526198436695587, 8.383380194703058], [59.971422137840946, -522.0863683704893, 385.17998256820744, -7.588986393799987, 5.804843351774329, 1.3802095548496518, -28.858144518526974, 23.406009228108086, -1159.0354467516584, 968.5254674605759, 2.4505040030918575, 24.65272072744033, -470.55364632627885, 345.6424781983317, 43.46339263983557, -380.4246276278464, 16.417466654656202, -142.94831203439847, 111.93788650394752, 255.51711175280002, -3383.5482506871094, 3032.162554015279, 56.05815101783489, -446.3501084892177, 322.4495218462006, 12.1220848288725, -186.25602010527447, 140.44590959894424, 59.971422137840946, -522.0863683704893, 385.17998256820744, 0.0, 0.0, 0.0, 0.0, 0.0, 0.0, 0.0, 20.48788346221685, -201.64448891550893, 68.8682089700178, 85.9867775649733, 25.938207108436107, 5.231454538501731, 76.14706551624963, 25.444986460367215, -213.33688999992643, -278.6856234676784, 207.62947315078878, -179.72890327861612, 125.72107240118372, 54.118501087151664, 8.383380194703058, -91.2980928858991], [69.2875116700647, 385.17998256820744, -518.9136545845107, 5.804843351774329, -7.224416911871567, 1.3559846411564136, 23.406009228108086, -27.779885408897837, 964.8414314327155, -1222.950375654404, 2.044772526013979, -30.18491321446991, 345.6424781983317, -469.4865531144479, 51.11393745408116, 275.6496849729267, 17.778544158830325, 111.93788650394752, -141.2953006731515, 338.1250419578845, 3032.162554015279, -3463.023822928995, 52.83428675706664, 322.4495218462006, -411.98961614498165, 15.508592323958743, 140.44590959894424, -186.22387608936302, 69.2875116700647, 385.17998256820744, -518.9136545845107, 0.0, 0.0, 0.0, 0.0, 0.0, 0.0, 0.0, 27.80095990255264, 175.8228575023903, -88.41490727775752, -104.52027861650828, -28.921263209355285, -5.821072913649489, -85.52060906466028, 24.072586039363074, 167.6671373463159, 207.62947315078878, -253.83892962442042, 125.72107240118372, -143.4022329405266, 35.01105052687872, 8.832463910758161, 67.97669732215527], [39.479558281114436, -948.1074583678072, 540.8897132025842, -527.1957144182334, 327.62237310441526, 0.25693807573033006, -10.031183276568443, 7.738001022027236, -537.997196949375, 425.09209440744735, 0.5453471247664119, 12.457929612178821, -923.432825017457, 523.9069180782806, 18.611330446588536, -495.28492949273095, 3.536440418217095, -81.36324359874432, 53.45389285310992, 112.3950235146492, -2581.4893424413044, 2036.1995402368718, 21.122901412322737, -338.67420713881273, 157.33666591416895, 16.352998656892943, -559.6911316727584, 316.0912292796188, 0.0, 0.0, 0.0, -948.1074583678072, 540.8897132025842, 0.0, 0.0, 0.0, 0.0, 0.0, 9.216577249854371, -174.4817902239803, 98.16946086586417, 119.89019918938973, 18.14752824281273, 3.1908355244478086, 24.76555540428104, 119.49113404272792, -238.4765539226624, -515.6370287802757, 292.681164531119, -353.30326615044015, 192.7778758165711, 36.57366823651356, 5.4881928821394235, -170.59082914156306], [47.94106326843881, 540.8897132025842, -970.5135713499823, 327.62237310441526, -569.9765024759084, 0.16056931498973284, 7.738001022027236, -9.535896934543032, 415.98331773835145, -703.1940052735356, 0.6599734077672078, -16.23213372721234, 523.9069180782806, -948.3234144317835, 24.821200551343136, 292.17055967525033, 5.458013495029662, 53.45389285310992, -83.74015757463347, 162.7922683963875, 2036.1995402368718, -2667.3909044044563, 15.015914439936388, 157.33666591416895, -232.32718654173857, 18.497328445518626, 316.0912292796188, -575.8615455072589, 0.0, 0.0, 0.0, 540.8897132025842, -970.5135713499823, 0.0, 0.0, 0.0, 0.0, 0.0, 13.33392592019107, 130.59740589291064, -159.45139460253273, -165.14046773812302, -21.049663250668818, -3.6168279879405967, -28.520149552277797, 127.07646194805066, 159.88990760169781, 292.681164531119, -431.26968641322344, 192.7778758165711, -241.47133784822736, 20.93101431874339, 6.736768390120934, 98.70608060109029], [-596.5643021869307, 262.2233706784554, 215.59360087047384, 24.859163672146337, 22.195958031096083, -54.48714796504149, 23.57977985250899, 21.3581237279114, 165.2299559999702, 303.1709388345509, -93.98966647194916, 33.14721411967279, 163.8061136731251, 146.25005125789846, -544.4717496759415, 237.72255756149144, -230.57801683187606, 104.18925296328588, 84.81209402843314, -1744.7055481555312, 810.4013965025338, 785.0309607520553, -398.3605190838643, 212.07239925011285, 111.9775679330318, -194.60592406325168, 83.59646913402935, 74.01814346910324, 0.0, 0.0, 0.0, 0.0, 0.0, -596.5643021869307, 215.59360087047384, 0.0, 0.0, 0.0, -142.98350298613053, 53.627086417081095, 33.76854339457472, 40.7589497756254, 5.886680697746514, 1.0410812941268641, 12.18122681527496, 39.40435863441249, 75.54952924090858, 148.4929634214346, 47.54433290657488, 77.5030662039627, 12.657642810846257, -336.2669871986268, -70.2473493436746, 31.029750631451897], [215.59360087047384, 2312.0505568606322, -3565.600765626436, 390.49503114051555, -541.3999111605439, 21.3581237279114, 487.1650438758577, -770.6297334610662, 2411.070916675401, -4031.9180565010765, 33.14721411967279, -687.8665545464181, 1453.4224861771543, -2313.297016557488, 197.49515798691957, 2131.4232448117154, 84.81209402843314, 854.7075579691177, -1219.6437980857547, 785.0309607520553, 12051.74563510689, -14162.935513947403, 111.9775679330318, 1413.3352995804205, -1866.7585204884829, 74.01814346910324, 1277.1147169589153, -1947.2538661178628, 0.0, 0.0, 0.0, 0.0, 0.0, 215.59360087047384, -3565.600765626436, 0.0, 0.0, 0.0, 63.799534270325275, 693.36561226555, -533.4006393948747, -614.4050882847292, -105.19656313616682, -18.883732435527392, -236.99448222394426, 346.1230314384797, 749.2012175608223, 1279.0673651457776, -1566.12202457809, 601.2370253223701, -672.3645470454665, 60.20197571742113, 25.420565858481254, 346.8419292696975], [-436.23213684130815, 150.35929105983243, 247.55713926455732, 0.17379531230319478, 0.5480054505397585, -5.293102798844775, 2.1498826377478877, 2.651594605670309, 217.1424238176002, 641.3505714754706, -13.57682078505519, 6.602203960932979, 138.40684567602275, 235.0178002850935, -233.1616663500181, 84.19843291749994, -159.9462617306078, 56.508265858583705, 90.56379190758197, -2156.341498705207, 700.7041441955075, 1392.9614561222788, -355.2982019656117, 139.2545074335026, 187.79036942185414, -125.4824315956925, 43.61328623295186, 69.54287389545834, 0.0, 0.0, 0.0, 0.0, 0.0, 0.0, 0.0, -436.23213684130815, 150.35929105983243, 247.55713926455732, -173.2044543838244, 45.59523101082125, 45.0481602751242, 47.504183126824266, 12.308496444352581, 2.6936392293731046, 34.67590585902503, 16.413178638901247, 55.66987457618123, 90.82124099600837, 90.83663181115446, 47.081542331424394, 29.728966939113626, -278.45793549129166, -59.729761330464285, 20.73557341000475], [150.35929105983243, -1155.407041120221, 863.2113736304332, -4.538847943136407, 3.7842972348841277, 2.1498826377478877, -33.553964790866914, 25.80042482301828, -2230.3805419041205, 2362.749410704323, 5.5651905771345005, 45.29230642372615, -1051.0083620530447, 784.4237048733333, 84.19843291749994, -660.6903770601