"{\"x\": [-4.883237135602771, -1.490620056414603, -2.3891215882214927, -0.1028385204560322, -0.19724180825831605, -4.85682744205483, -4.11727394497285, -4.718694492359455, -1.9652183172716418, -4.873913004742756, -1.720372559969353, -8.55278090387328, -3.0555791054124324], \"success\": true, \"status\": \"Algorithm optimized\", \"fun\": -45585.28144590706, \"jac\": [-0.005230750330248668, 0.02195936010734023, -0.002108293615560086, -0.010651497241680019, -0.016253689926770676, -0.003996531486896215, 0.0019768194639873116, -0.0013559141082235548, 0.00031095495896371617, 0.001338062966239173, 0.003260482719362301, -0.002364838688674098, 0.0020342112989220063], \"hess\": [[-1484.139437698656, 686.441404440184, 580.3413339670569, 694.7639253579641, 1041.8129403272521, -444.2372415827715, 164.4596783745218, 97.38072461843555, 107.75961258986845, 21.987696949166786, 60.57582765270486, 72.55958605782742, 214.79202895067405], [686.441404440184, -10608.069591634374, 6946.195410696633, -11877.888648753864, 10964.45819510471, 199.3868180340509, -2648.9507636872872, 1156.4080524620922, 1488.9223642471889, 304.5099294796459, 701.8152943281312, 952.2298179377951, -3249.370368238532], [580.3413339670569, 6946.195410696633, -9276.908386803, 10075.084860685844, -13623.237867297214, 219.87891462428632, 2186.300992596439, -1457.6523678590772, -1751.0704964560573, -329.86004095516364, -773.2570589447421, 578.760803475567, 2391.72897831918], [694.7639253579641, -11877.888648753864, 10075.084860685844, -63856.197811067774, 26011.140192350485, 295.2039315469836, -5557.678070200181, 1902.6906108545563, 2037.0523393365802, 735.1415265332756, 2327.1271195933055, 422.80903231447445, -5489.634180855705], [1041.8129403272521, 10964.45819510471, -13623.237867297214, 26011.140192350485, -40276.149496923805, 523.7392777428295, 4920.538355043804, -2268.696525542086, -2640.8867868015127, -940.500344691668, -2377.7678010761133, 568.3962540365317, 4526.295594907274], [-444.2372415827715, 199.3868180340509, 219.87891462428632, 295.2039315469836, 523.7392777428295, -205.48397840812217, 65.49830356820983, 40.341887933524646, 42.509197323466104, 13.166539958565565, 40.10888358505417, 10.19831341774924, 72.04895480955402], [164.4596783745218, -2648.9507636872872, 2186.300992596439, -5557.678070200181, 4920.538355043804, 65.49830356820983, -1125.7516823168894, 400.24510643053645, 508.9263449638907, 161.66937430332402, 447.8842950068418, 113.35038535528244, -1041.1959726784949], [97.38072461843555, 1156.4080524620922, -1457.6523678590772, 1902.6906108545563, -2268.696525542086, 40.341887933524646, 400.24510643053645, -299.41472058873563, -251.871160233831, -52.53552856140878, -161.60303847154412, 75.10304528976869, 410.1766915415081], [107.75961258986845, 1488.9223642471889, -1751.0704964560573, 2037.0523393365802, -2640.8867868015127, 42.509197323466104, 508.9263449638907, -251.871160233831, -671.9781705179286, -87.82637461282232, -73.79749439017843, 63.814603308668225, 519.8350205552973], [21.987696949166786, 304.5099294796459, -329.86004095516364, 735.1415265332756, -940.500344691668, 13.166539958565565, 161.66937430332402, -52.53552856140878, -87.82637461282232, -48.93013924434631, -81.64602874785076, 2.2000365309843803, 127.69782309705583], [60.57582765270486, 701.8152943281312, -773.2570589447421, 2327.1271195933055, -2377.7678010761133, 40.10888358505417, 447.8842950068418, -161.60303847154412, -73.79749439017843, -81.64602874785076, -322.46363042187386, 5.994888129872733, 334.8537781689394], [72.55958605782742, 952.2298179377951, 578.760803475567, 422.80903231447445, 568.3962540365317, 10.19831341774924, 113.35038535528244, 75.10304528976869, 63.814603308668225, 2.2000365309843803, 5.994888129872733, -644.9290592643632, 222.12412750492558], [214.79202895067405, -3249.370368238532, 2391.72897831918, -5489.634180855705, 4526.295594907274, 72.04895480955402, -1041.1959726784949, 410.1766915415081, 519.8350205552973, 127.69782309705583, 334.8537781689394, 222.12412750492558, -1343.1335018384402]], \"nit\": 37, \"nep\": 12.574590074133587, \"stop_crit\": 7.180620929339696e-07, \"opti_time\": 2.7523350715637207}"