"{\"x\": [-13.473975015661582, -16.85955986255633, -13.969561878203276, -23.292049775529357, -19.378018280361374, 1.1000476085670268, 0.5200478268335375, -1.7471408654007516, -0.7223459049442328, -0.3742606275073811, -0.9183934778740889, 0.4517361012847586, -0.363323261474121, -0.2870710772355279, -0.5335695001869786, -0.13666058251547536, -0.20346883147344846, -0.36441653423980286, -1.2118977072292032, 1.6953453384334962, 2.1839855645670467, 0.7058328841091513, -0.344030239612387, -0.11770596570658878, -0.26822605815972195, 0.8513791309823492, -0.27149184539975213, -0.8964592009791482, -1.4658289160380689, -0.8190161992311498, -0.6714151204847434, -1.269370104929212, -0.5168459387608245, -0.7507632576048267, -1.3354192663271118, -0.6580409240433918, -0.8529122909593649, 0.4582214196866523, 0.2609913289829208, 0.13972767017383647, -0.2641007459783217, -0.12351126297765136, 1.4386064568703623, 2.3326371173252523, 2.2064144090046027, 2.331779396479017, 1.8636184022338005, 3.118099957309789, 2.8822946989735776, 0.28796644177828673, 0.8087265299276071, 0.35981866801729, 0.2571919395153471, 0.8710101666990353, 0.7290696397882145, 0.9950870173626072, 0.5228807930057573, -0.2988762389277554, -0.736694983329736, -1.2335445773484135, -0.4924149640222815, 0.3551078546111797, 0.6110639470855688, -0.400934334637901, 0.19557605881774143, 1.5464233102186984, 0.7233600900069662, -1.3171130474085062, -0.8424693869475792, -1.5961155590759242, 1.3321212676026006, 0.3151309331840853, -0.8162735465086243, 0.3125914424234859, -5.572794559717418, -6.564935950965725, -6.546732197796204, -2.798841880038413, -3.9971319186220757, -2.123546818509024, -2.940007331377574, -3.864244187044261, -4.100000776774678, -3.9772426992801844, -2.6307273532998527, -5.368977665102788, -6.363574554853188, -4.061976487645476, -4.694245472268077, -1.8560113765712356, -4.993786985411459, -7.144199698342335, -3.235954584518488, -1.625422304528642, -2.361474214594218, -0.39585170323293134, -0.19151330168491965, 0.5095947960880982, -0.41675953057096016, 0.16280199769108172], \"success\": true, \"status\": \"Algorithm optimized\", \"fun\": -35082.61840242537, \"jac\": [0.0003239553355580682, -0.0013333809710518452, 0.00032408844694487016, -0.00010068269855878498, 0.0008124330053185247, 0.00019035414648715943, 0.0002755229743360843, -0.00023330888409800465, 0.00010088410525366243, -6.221863671562744e-05, 0.0006556416907823603, 1.997330180580903e-05, -0.00014302461410548029, -0.00011241433091768727, -0.0001575918797502851, 0.00020186891708995347, 0.000627790276714002, 2.073465699492516e-05, 4.497512114282065e-05, -0.00016713865044826193, -0.0003928836586449824, -0.00018388643699873697, 7.183750939177003e-05, -0.004282417918147985, 0.00012907049562826955, -0.0002650528652687889, 0.0018835244704589194, 0.004086143479265225, -0.001576339478447153, -0.002736840573103194, -0.004133051964586798, -0.001394948472835722, -0.00022162954218885034, -0.0001660542268524523, 0.0025367523630990263, 0.003330170752960271, -0.00023106736546607554, -0.0007840072931466491, 0.0007530440283289863, 0.0004171439313971348, -0.0004313565264582042, 0.0005095271905002363, 0.0022681119948799733, -0.00638779197055328, 0.0006185238211458, -0.00406181009230977, 0.0013800881407703969, -0.000946171471532864, 0.00766413272075539, 0.00018011969727516064, -0.0006695148897177816, -0.0004339274591672604, 0.00029126127634060417, -0.00016476000839804605, -0.00010549225001565965, 0.00013757580338591424, 0.00026407727953392524, -6.217469630032113e-05, -0.00022781162410012712, -0.0001456711748324402, -0.00014440817649952198, 7.4278001251926185e-06, 2.8231859167338058e-05, 0.00011012184287295668, 0.0009838026586610482, 0.00016903517124267076, 0.0005023610400382711, -4.4223541029619895e-05, -0.000269122885755646, -1.8233041127690974e-05, 3.84046650771519e-05, -0.00014368655390128993, -3.499396797368437e-05, -7.834148441077105e-07, 3.257296171832458e-05, 0.00018889056148951866, 9.439251296261553e-06, 9.190936477893041e-05, -0.00021633715379998364, 0.00020212095735577806, -9.190703932071553e-05, -7.553338059551606e-05, 2.6675601812353733e-05, -0.00011364888671760998, -7.51518131743012e-05, -0.00013749297927434512, -7.1277849851003605e-06, 9.003776636232197e-05, -9.983675341995735e-07, 0.00015116933381320585, -9.722415539314966e-07, 6.666734142254938e-05, -1.6494690497914632e-05, -0.0003470576101051448, -6.651171265303901e-05, -0.0008049308022011203, -0.00033118403319676304, -0.00017119942898702334, -4.3124640133562764e-05, -4.3698493907839975e-06], \"hess\": [[-1424.330946733151, 90.14801261243153, 448.3409476232528, 234.14740686562186, 361.7510605575787, -983.707039074237, 153.3691488769692, 15.739122172724926, 26.30018725789941, 119.5990430282102, 353.9760718521365, -285.02723490560254, -241.27139255388852, 38.2885156342625, 40.34334328225065, 28.38685092749916, 82.92593690145571, 90.49343567778043, -7.897654005906911, 14.821586620219144, 9.194515942658706, 0.8020664255134751, 3.6483857202441565, 227.6248963260945, 104.83377730197729, 20.6626648016293, 775.1188560930267, -504.05589194496025, -4064.5341479635244, -658.8338628937188, 198.21896687951187, 1592.6375620554863, 57.35432577957804, 247.42201622098946, 2222.4754982371032, 529.4261439034876, -444.7044456695512, 29.962216632530904, 70.03677053857476, 109.39599021744483, 20.217406002488726, 131.25765379693544, -11179.1477741875, 562.2489550063882, 3312.043633171988, 132.5259193982025, 215.36297559350987, 1956.9576593034053, 2969.0974279740367, -397.8880290579623, 30.94534567655998, 147.07537772381338, 71.978018780825, -141.64105105682503, 12.32952873092278, 2.9706149579049677, 24.87263771072173, 12.772500767430301, 18.283367139045797, 1.337919415984674, 0.5084896586886501, 40.69121799415383, -154.80717628420746, 205.07476939360947, 49.85305518876988, -66.88132913933055, -367.92164370304175, 4.62220215114516, 80.43207277421602, 5.6240563911461985, 0.11289206493417046, 21.302930614487288, -20.991374911853846, 17.720843811178334, 41.535364586020975, 23.304764801402545, 38.72493718733352, 2.722026950933439, 6.859151567057678, 34.642144867271796, 63.97503336819429, 8.927731943273777, 61.13779642629285, 4.463173511695799, 37.37099071564601, 11.139337494914901, 11.000814369941475, 14.507959571804887, 1.8028441596453824, 70.31323059094116, 35.64616871600234, 65.18280486500896, 52.80034174797376, 23.57301771079125, 92.52441833017677, 43.77388333551252, 213.5612935973418, 205.0127909757123, -79.75216106582246, 61.52605604481786], [90.14801261243153, -2419.334215976001, 0.0, 1120.8655862550904, 524.202661764965, 0.0, 0.0, -519.5243966272574, 0.0, 0.0, 404.49456326515804, 73.78546452869834, 0.0, -839.1442804709241, 0.0, 0.0, 245.0662808756474, 0.0, 0.8020664255134751, -295.3145012174547, -181.06637704561302, -74.61465473253392, 138.39400975855588, -292.91037767915736, 0.0, 0.0, 655.170814542069, 198.21896687951184, 0.0, 57.35432577957804, -6440.480469680021, 0.0, -2656.793901287113, 5545.365583020316, 0.0, 2438.0905294851204, 29.962216632530904, -1448.7197515197142, 1019.0650723028868, 0.0, -369.340751231706, 0.0, 694.7748744045907, -13686.980494730835, 0.0, -5280.4650665938825, 0.0, 9218.12968393671, 4262.297989769687, 24.269373089810387, -776.2876565597276, 0.0, 350.6544816531239, 3.653641423914538, -8.848355812731876, 40.02958677619567, 0.0, 0.0, -446.9386892446169, -33.8216755526921, 0.0, 293.1732664524185, 14.936880634464652, 0.0, 375.62893242609397, 0.0, 6.596201681699314, -98.73741468502246, 0.0, -34.64102559900193, 4.869658238085981, 0.0, 0.0, 165.38239001788506, 192.79791563929928, 86.10027251541739, 0.0, 69.6131467026813, 0.0, 296.5046466185531, 0.0, -293.1460983847969, 0.0, -99.50938477064962, 0.0, -161.66533768968372, 47.661641910168306, 21.08562064704154, 6.462711231242506, 128.75681104727695, 231.9148783400323, 0.0, 0.0, -687.3897988470908, 0.0, -1330.0299757537566, 0.0, 814.6816958396333, 0.0, -275.3535036461063], [448.3409476232528, 0.0, -4737.89172052053, 2505.949197892897, 209.36681124668036, 425.3764498448911, -1439.7516432626376, 0.0, -287.86791628325295, 1372.8787083377758, 188.35068372005276, 0.0, 68.73019420974981, 0.0, -504.83002654355096, -358.2036735862342, 0.0, 75.46880727559285, 0.0, 0.0, 0.0, 0.0, 0.0, -2815.3757266290067, -1415.992048217591, -255.1109767788242, 441.6966866177304, 0.0, 1592.6375620554863, 0.0, 0.0, -21510.388013658016, 0.0, 0.0, 17963.629464306403, 0.0, 141.0494964727174, 0.0, 0.0, 1324.230933621973, 0.0, -1404.3031736601088, 3527.406608765497, 0.0, -34977.04213148013, 0.0, -2538.754631182986, 21290.156028564696, 1744.7573303494914, 100.32199305213932, 0.0, -1547.206187795068, 900.2880249973847, 43.80456964744568, -139.75917725586984, 0.0, 272.2445971771147, -158.810835990681, 0.0, -7.3668515724199946, 28.074136527829435, 0.0, 93.46294662442254, -2356.63130494619, 0.0, 42.23395303480579, 84.08212963480806, 0.0, -561.0877482579616, -22.538788746811065, 0.0, 206.1580499736302, 2.5440947672275307, 311.5805426568375, 429.35071646573186, 0.0, 35.03301694609306, 0.0, 172.85496414629276, 0.0, 364.6617701371903, 0.0, -737.0685732399598, 0.0, -480.3893317017063, -88.08294607327619, 135.07119743201443, 10.650181973703537, 16.518281037933768, 414.3701785157199, 0.0, 516.2531478915499, -568.074855017379, 0.0, -1004.7807425324157, 0.0, -2255.772949238581, 1973.077795850403, 49.50552577439147, -711.1874595282321], [234.14740686562186, 1120.8655862550904, 2505.949197892897, -4377.485825912846, 0.0, 161.8067989006248, 825.6864486746513, 0.0, 0.0, -1614.836980376428, 0.0, 52.5299539251237, 33.21465832482456, 526.7350298398364, 323.1487785200571, 156.40858131194705, 0.0, 0.0, 0.0, 138.39400975855588, 86.62456631736822, 0.0, -167.6632370557578, 2496.1179204816244, 1169.8004849953113, 0.0, 0.0, 247.42201622098946, 1072.0191046188042, 0.0, 5545.365583020316, 16767.61087122494, 0.0, -6276.04417960776, -18210.192486387143, 0.0, 65.23921670938459, 677.4196412395618, -884.6352860956858, -1376.6165463524742, 226.62488122053253, 783.9982556698802, 1956.9576593034053, 9218.129683936708, 21290.156028564696, 0.0, 0.0, -36208.065109285504, 0.0, 56.434974394191286, 350.6544816531239, 900.2880249973847, -1427.2948708254264, 27.843252668626697, 113.50404844317418, -50.2224934058982, -313.6302208587709, 59.612544061227595, 268.82911774854426, 0.0, -30.73740044045188, -412.12952556267226, 20.98071012632515, 1211.0262851926627, 0.0, 21.302930614487288, 82.46005911175443, 82.86027523505528, 406.3393839365542, 0.0, -6.925188211881251, -231.77160541084987, 0.0, -545.0784029365527, -732.5000130694832, 0.0, 0.0, -78.74981088212807, -185.98994559965308, -225.95552039508715, -356.2153170697105, 242.49895582766962, 579.2154165574498, 79.17203574705614, 387.9628360730852, 0.0, -196.36427780705282, 0.0, -25.141955687628105, -515.585774890013, 126.55674408896982, 93.01312132059071, 384.0632049585105, 346.34807698161165, 590.2652539392128, 582.8699846141463, 1195.8753407766576, -3425.540460538996, 19.026610428220035, 585.8912629903824], [361.7510605575787, 524.202661764965, 209.36681124668036, 0.0, -2208.0410438680074, 221.80558317582359, 0.0, 404.49456326515804, 188.35068372005276, 0.0, -1915.9858671990708, 82.92593690145571, 90.49343567778043, 0.0, 0.0, 75.46880727559285, -687.3930710762045, -293.4531127509264, 4.285674152726942, 0.0, 0.0, 56.62963537720322, 0.0, 0.0, 0.0, 210.21204841190985, -2982.192762293578, 0.0, 1150.456393618298, 529.4261439034876, 0.0, 1196.0185930814603, 2438.0905294851204, 0.0, -3016.4497864688333, -4028.89976585075, 114.193544046635, 341.64543106332496, -853.147839135263, -353.7468395539137, 0.0, 0.0, 2969.0974279740367, 0.0, 0.0, 4262.297989769686, 1744.7573303494914, 0.0, -16983.906573866232, 139.26204133096402, 204.18612981540605, 87.00121474714211, 0.0, 44.48489833640833, 0.0, 0.0, 0.0, 0.0, 0.0, 29.035292031711094, 0.0, -211.47411235303923, 0.0, 0.0, -838.2162048592099, 0.0, 147.12602043192118, 0.0, 0.0, 46.8104145013401, 0.0, 0.0, 11.535612393899157, 0.0, 0.0, -203.7885868738448, -119.71628941781708, 0.0, 0.0, -209.36640606721775, -130.26220558134423, 0.0, 0.0, 0.0, 0.0, 214.83249906723356, 0.0, -51.28292147909185, 0.0, -116.15541867968682, 276.38617085324336, 168.19175759987897, 0.0, 169.92486625046357, 80.1339003397743, 346.3686355413268, 130.42273312334717, 0.0, 0.0, 0.0], [-983.707039074237, 0.0, 425.3764498448911, 161.8067989006248, 221.80558317582359, -983.707039074237, 153.3691488769692, 0.0, 26.30018725789941, 119.5990430282102, 221.80558317582359, 0.0, -241.27139255388852, 0.0, 40.34334328225065, 28.38685092749916, 0.0, 90.49343567778043, 0.0, 0.0, 0.0, 0.0, 0.0, 216.11221566673046, 97.810510764723, 20.497237325508166, 539.5591006490487, 0.0, -3963.78220876198, 0.0, 0.0, 1531.2877971750179, 0.0, 0.0, 2191.6259581313043, 0.0, -298.3259612311352, 0.0, 0.0, 107.14039773100917, 0.0, 119.4835038089669, -7807.609782920365, 0.0, 3139.678308857891, 0.0, 212.24513372068512, 1378.6750405299983, 1848.660460900654, -284.10505460562655, 0.0, 142.52221904591212, 55.29717609792241, -114.65356914687345, 11.759408484955891, 0.0, 24.36113491373974, 12.739541882945579, 0.0, 0.5895663983919526, 0.5020282987583545, 0.0, -112.02001806446879, 186.4595527895078, 0.0, -65.45976111469646, -286.69677151221236, 0.0, 79.97117886368999, 3.648414966737493, 0.0, 21.044533756446178, -20.738144749139135, 11.712138236434855, 28.955738657405753, 0.0, 38.31798081480925, 0.0, 6.25380146587726, 0.0, 63.191526801693975, 0.0, 59.51236413104492, 0.0, 35.01269238157754, 7.24551900483703, 8.581557165740515, 10.11993907820182, 1.4303868521740908, 55.736079398177935, 0.0, 62.875701400806065, 49.38039589147415, 0.0, 90.0950176024503, 0.0, 205.84252981798218, 144.093437574903, -76.4485404294957, 47.39772556331863], [153.3691488769692, 0.0, -1439.7516432626376, 825.6864486746513, 0.0, 153.3691488769692, -1439.7516432626376, 0.0, 0.0, 0.0, 0.0, 0.0, 19.189885047016915, 0.0, 0.0, -244.32622179738644, 0.0, 0.0, 0.0, 0.0, 0.0, 0.0, 0.0, -1254.9882897798957, -1245.8648939276918, 0.0, 0.0, 0.0, 530.0481414669296, 0.0, 0.0, -7070.246235592131, 0.0, 0.0, 6004.667689212547, 0.0, 57.11440379966401, 0.0, 0.0, 444.3894035346935, 0.0, -1155.3054150339024, 1199.556876491287, 0.0, -11442.399923417775, 0.0, 0.0, 7071.597501115522, 0.0, 0.0, 0.0, -470.9590219493429, 307.65353654766454, 11.759408484955891, -133.15047927601714, 0.0, 100.23607328230243, 0.0, 0.0, 0.0, 26.94361166683544, 0.0, 82.6066060845277, -732.047239955113, 0.0, 41.2320082795216, 0.0, 0.0, 0.0, 0.0, 0.0, 200.29890648429785, 0.0, 102.28109829640042, 144.49803574419377, 0.0, 0.0, 0.0, 144.2862735429503, 0.0, 0.0, 0.0, 0.0, 0.0, -424.9175145562251, 0.0, 48.1763028016981, 0.0, 0.0, 153.6108057170433, 0.0, 141.98645425890115, -494.890021823454, 0.0, 0.0, 0.0, 0.0, 651.6386664347848, 18.30843542525016, -238.99055246734008], [15.739122172724926, -519.5243966272574, 0.0, 0.0, 404.49456326515804, 0.0, 0.0, -519.5243966272574, 0.0, 0.0, 404.49456326515804, 10.547836993686499, 0.0, 0.0, 0.0, 0.0, 245.0662808756474, 0.0, 0.8020664255134751, 0.0, 0.0, -74.61465473253392, 0.0, 0.0, 0.0, 0.0, 649.1925778353691, 0.0, 0.0, 55.368668856629824, 0.0, 0.0, -2250.7698098975943, 0.0, 0.0, 2060.000517179914, 6.186649353508875, -328.00242531064094, 257.636949056319, 0.0, 0.0, 0.0, 124.4744703448203, 0.0, 0.0, -4163.647523060762, 0.0, 0.0, 3334.5674483722078, 8.088396112243503, -230.34435792359824, 0.0, 0.0, 2.1457989032514, 0.0, 0.0, 0.0, 0.0, 0.0, -33.62720167347687, 0.0, 24.18979888782645, 0.0, 0.0, 268.92730475140957, 0.0, 1.9661795206508506, 0.0, 0.0, -33.97920872397512, 0.0, 0.0, 0.0, 0.0, 0.0, 69.31780957287921, 0.0, 0.0, 0.0, 86.49192496013927, 0.0, 0.0, 0.0, 0.0, 0.0, -136.17653323396863, 0.0, 18.56895039098923, 0.0, 38.04845066523543, 35.97609580008594, 0.0, 0.0, -168.6409709161162, 0.0, -331.16400844360425, 0.0, 0.0, 0.0, 0.0], [26.30018725789941, 0.0, -287.86791628325295, 0.0, 188.35068372005276, 26.30018725789941, 0.0, 0.0, -287.86791628325295, 0.0, 188.35068372005276, 0.0, 9.196965880482242, 0.0, 0.0, -113.87745178884772, 0.0, 75.46880727559285, 0.0, 0.0, 0.0, 0.0, 0.0, 0.0, 0.0, -241.2048391034517, 440.1874343814713, 0.0, 112.56742755213443, 0.0, 0.0, -1351.2287248642403, 0.0, 0.0, 1129.8779785427923, 0.0, 7.422640780883988, 0.0, 0.0, 91.4927849202292, 0.0, 0.0, 212.24513372068512, 0.0, 0.0, 0.0, -2317.2481548955, 0.0, 1582.130811480889, 11.830203999410818, 0.0, -122.47733726864973, 0.0, 4.836123652742921, 0.0, 0.0, 0.0, 0.0, 0.0, -7.337241394746021, 0.0, 0.0, 0.0, 0.0, 0.0, 0.0, 3.648414966737493, 0.0, 0.0, -22.4419555943351, 0.0, 0.0, 2.5183740068554674, 0.0, 0.0, 0.0, 31.891246411899925, 0.0, 0.0, 0.0, 41.32379834217265, 0.0, 0.0, 0.0, 0.0, -82.89955744308904, 0.0, 10.302003345442941, 0.0, 23.80384705445966, 0.0, 28.152187121902536, 0.0, 0.0, -104.48887681345842, 0.0, -176.91627277002468, 0.0, 0.0, 0.0], [119.5990430282102, 0.0, 1372.8787083377758, -1614.836980376428, 0.0, 119.5990430282102, 0.0, 0.0, 0.0, -1614.836980376428, 0.0, 0.0, 26.560364539563235, 0.0, 323.1487785200571, 0.0, 0.0, 0.0, 0.0, 0.0, 0.0, 0.0, 0.0, 1114.2930426730527, 0.0, 0.0, 0.0, 0.0, 782.0227068559179, 0.0, 0.0, 9292.076131061975, 0.0, 0.0, -10310.545875761938, 0.0, 29.245448439221445, 0.0, 0.0, -742.3648207506089, 0.0, 0.0, 1021.4834859288164, 0.0, 11703.102833746856, 0.0, 0.0, -13624.224915699913, 0.0, 42.57871119752822, 0.0, 518.8198585134542, -595.6738556834231, 20.215180494690582, 0.0, 0.0, -191.8674964697179, 58.56716592533827, 0.0, 0.0, 0.0, 0.0, 0.0, 590.3791641781513, 0.0, 0.0, 66.63550211229467, 0.0, 401.2649025272836, 0.0, 0.0, 0.0, 0.0, -202.17671453743495, -272.2442423149944, 0.0, 0.0, 0.0, 0.0, 0.0, -323.7188116312772, 0.0, 537.5350870588943, 0.0, 0.0, 0.0, -82.91374256381717, 0.0, -17.109244671822395, -234.78782709098968, 0.0, 59.13994360275454, 0.0, 0.0, 543.575966788866, 0.0, 1065.131810713607, -1273.5352659458044, 13.966475417680664, 226.17852260752326], [353.9760718521365, 404.49456326515804, 188.35068372005276, 0.0, -1915.9858671990708, 221.80558317582359, 0.0, 404.49456326515804, 188.35068372005276, 0.0, -1915.9858671990708, 82.92593690145571, 90.49343567778043, 0.0, 0.0, 75.46880727559285, -687.3930710762045, -293.4531127509264, 4.285674152726942, 0.0, 0.0, 56.62963537720322, 0.0, 0.0, 0.0, 198.338376479046, -2969.490193380518, 0.0, 1143.401490854367, 519.6458529566528, 0.0, 1129.8779785427923, 2060.000517179914, 0.0, -2895.252405779956, -3534.2357741784635, 111.56579567054385, 257.636949056319, -705.2524447646176, -327.56781018753964, 0.0, 0.0, 2911.1618802100697, 0.0, 0.0, 3334.5674483722078, 1582.130811480889, 0.0, -14848.812105308652, 137.951205236316, 182.5625618026815, 81.20572930551991, 0.0, 44.27055823071847, 0.0, 0.0, 0.0, 0.0, 0.0, 28.851418189439226, 0.0, -210.58797306011553, 0.0, 0.0, -636.8515426463327, 0.0, 146.85489894643663, 0.0, 0.0, 46.09295320231414, 0.0, 0.0, 11.394555564903655, 0.0, 0.0, -175.78405420019615, -111.58915494232983, 0.0, 0.0, -178.79948664869787, -122.2027560738184, 0.0, 0.0, 0.0, 0.0, 187.41222940448503, 0.0, -48.23340585515331, 0.0, -111.03717817608631, 248.25557304504503, 155.55544580190005, 0.0, 139.03720678414126, 74.08252818051633, 256.93108273717337, 114.58132092143175, 0.0, 0.0, 0.0], [-285.02723490560254, 73.78546452869834, 0.0, 52.5299539251237, 82.92593690145571, 0.0, 0.0, 10.547836993686499, 0.0, 0.0, 82.92593690145571, -285.02723490560254, 0.0, 38.2885156342625, 0.0, 0.0, 82.92593690145571, 0.0, -7.897654005906911, 14.821586620219144, 9.194515942658706, 0.8020664255134751, 3.6483857202441565, 4.51575878458998, 0.0, 0.0, 136.97559460773402, -408.2641269730451, 0.0, -406.25888911103607, 168.4533840542672, 0.0, 36.691993814101565, 191.759773125979, 0.0, 324.4144226525112, -86.93942168542765, 21.258071847210385, 43.283356549523724, 0.0, 19.373560452370427, 0.0, -2182.4519196921206, 484.4224931186173, 0.0, 83.32371388918503, 0.0, 418.8743067648431, 666.1586088420247, -76.95076419704621, 25.47052576771253, 0.0, 12.105263205709335, -14.979981295948171, 0.2904741826088837, 1.9802038073448807, 0.0, 0.0, 17.980293217266148, 0.6338651030189822, 0.0, 37.39236792116172, -24.321888313734377, 0.0, 28.98908505660654, 0.0, -43.74292989106126, 2.578542642124342, 0.0, 1.0723225223449644, 0.030290555034929348, 0.0, 0.0, 4.490869521414152, 9.259430384248512, 14.237233596249114, 0.0, 2.5877613420096783, 0.0, 22.28250319157732, 0.0, 7.076153478994548, 0.0, 4.30511536737568, 0.0, 2.447571816735471, 1.783145398704647, 2.621449928627271, 0.2717035775582239, 9.208828222887442, 25.56104881782638, 0.0, 0.0, 18.96540287625018, 0.0, 32.959340806587406, 0.0, 43.66214074369224, 0.0, 10.635895004862075], [-241.27139255388852, 0.0, 68.73019420974981, 33.21465832482456, 90.49343567778043, -241.27139255388852, 19.189885047016915, 0.0, 9.196965880482242, 26.560364539563235, 90.49343567778043, 0.0, -241.27139255388852, 0.0, 40.34334328225065, 28.38685092749916, 0.0, 90.49343567778043, 0.0, 0.0, 0.0, 0.0, 0.0, 28.657643933967563, 12.899826080365385, 7.698117860503774, 236.19725084771275, 0.0, -1056.7606287220674, 0.0, 0.0, 270.4660626194113, 0.0, 0.0, 708.514909386767, 0.0, -77.18116271314045, 0.0, 0.0, 39.27212094382325, 0.0, 14.841603234296072, -1943.8397322153514, 0.0, 473.74881149605903, 0.0, 75.07720020264307, 282.6649843580154, 761.7805436699437, -89.53605788801525, 0.0, 26.86946739645976, 12.394761762483299, -25.81418782988626, 1.5497652667437596, 0.0, 4.149948653611721, 1.6551050210835316, 0.0, 0.34297550557405854, 0.1836442814429268, 0.0, -12.999044613734448, 25.418289814228395, 0.0, -10.574245646397946, -91.28053709781399, 0.0, 14.56233119759866, 1.6001584437550174, 0.0, 3.598728737952522, -9.046291199072963, 3.142712090888763, 5.789706822752187, 0.0, 16.139545552184106, 0.0, 0.8552164685516424, 0.0, 20.30619331776014, 0.0, 10.417581298140602, 0.0, 4.605516533527264, 2.725701788908686, 1.697833693739896, 4.450101240899735, 0.2972777035568211, 19.10524428965374, 0.0, 20.00931960197559, 6.549813813296101, 0.0, 16.815713956179106, 0.0, 35.59086782496371, 28.428022409288538, -14.450669921093054, 7.698538206601945], [38.2885156342625, -839.1442804709241, 0.0, 526.7350298398364, 0.0, 0.0, 0.0, 0.0, 0.0, 0.0, 0.0, 38.2885156342625, 0.0, -839.1442804709241, 0.0, 0.0, 0.0, 0.0, 0.0, -295.3145012174547, 0.0, 0.0, 138.39400975855588, -153.3885274327719, 0.0, 0.0, 0.0, 103.2698147520566, 0.0, 0.0, -3108.4341379882644, 0.0, 0.0, 2661.264676862401, 0.0, 0.0, 10.545566041725507, -433.20542974197417, 285.808509566196, 0.0, 0.0, 0.0, 293.63208219806, -6554.928985740247, 0.0, 0.0, 0.0, 4339.891036179953, 0.0, 13.335797253778198, -277.2511287874446, 0.0, 185.1821890517671, 0.7812771885208118, 0.0, 17.36430326417206, 0.0, 0.0, -244.96632237920755, 0.0, 0.0, 144.9479674775542, 0.0, 0.0, 0.0, 0.0, 2.578542642124342, -41.37542456918899, 0.0, 0.0, 0.0, 0.0, 0.0, 77.44823365889478, 92.56308633816252, 0.0, 0.0, 0.0, 0.0, 117.43136285548593, 0.0, -190.93977434265676, 0.0, 0.0, 0.0, 0.0, 23.74721764127794, 0.0, 4.111028181407698, 45.399210440937544, 93.00588496891747, 0.0, 0.0, -238.6917341444941, 0.0, -594.8184078766103, 0.0, 377.9041312527481, 0.0, -135.56710253303189], [40.34334328225065, 0.0, -504.83002654355096, 323.1487785200571, 0.0, 40.34334328225065, 0.0, 0.0, 0.0, 323.1487785200571, 0.0, 0.0, 40.34334328225065, 0.0, -504.83002654355096, 0.0, 0.0, 0.0, 0.0, 0.0, 0.0, 0.0, 0.0, -264.72295656045424, 0.0, 0.0, 0.0, 0.0, 158.86960628295267, 0.0, 0.0, -2651.4651837230676, 0.0, 0.0, 2292.987701370808, 0.0, 12.835698534961157, 0.0, 0.0, 165.15197600187406, 0.0, 0.0, 322.2753943769374, 0.0, -4097.61053179972, 0.0, 0.0, 2772.661752617255, 0.0, 15.999687467257974, 0.0, -201.18729601832766, 135.69701822886574, 4.149515506521665, 0.0, 0.0, 33.7853995726837, -25.042012656463623, 0.0, 0.0, 0.0, 0.0, 0.0, -240.90486397685953, 0.0, 0.0, 14.56233119759866, 0.0, -125.6611582949065, 0.0, 0.0, 0.0, 0.0, 54.865203929423835, 54.53655172348509, 0.0, 0.0, 0.0, 0.0, 0.0, 73.66025274969665, 0.0, -157.3062674535585, 0.0, 0.0, 0.0, 19.241849640336845, 0.0, 3.775553342940131, 52.17612953303451, 0.0, 52.21907475466917, 0.0, 0.0, -175.10529684316126, 0.0, -354.09664963823064, 230.27367101715018, 5.136831022839839, -89.216160362272], [28.38685092749916, 0.0, -358.2036735862342, 156.40858131194705, 75.46880727559285, 28.38685092749916, -244.32622179738644, 0.0, -113.87745178884772, 0.0, 75.46880727559285, 0.0, 28.38685092749916, 0.0, 0.0, -358.2036735862342, 0.0, 75.46880727559285, 0.0, 0.0, 0.0, 0.0, 0.0, -215.60375378427022, -239.31982592040617, -102.78902928145742, 194.4106810479216, 0.0, 111.59645633645871, 0.0, 0.0, -1915.9173373462172, 0.0, 0.0, 1675.462455064763, 0.0, 9.89674005857643, 0.0, 0.0, 128.02447168238453, 0.0, -196.55445148894117, 226.55061732176478, 0.0, -1975.674343991091, 0.0, -927.3289602100116, 1348.8036557108233, 642.5366903613867, 4.464437459148604, 0.0, -145.33782764794444, 65.61866640467491, 3.132464130214324, -23.180091581322074, 0.0, 18.179219366773047, 0.0, 0.0, -4.174438186092609, 6.272855990612313, 0.0, 9.213026933465075, -116.20895049336627, 0.0, 6.409455939406347, 1.6001584437550174, 0.0, 0.0, -10.19890277295001, 0.0, 40.96988546379253, 1.0635786406394425, 23.075747249829092, 27.512887539267798, 0.0, 13.127572402603928, 0.0, 27.207413119621165, 0.0, 15.246871399806963, 0.0, 0.0, 0.0, -80.06608750980428, -35.9097915721276, 9.427272245689847, 4.828976689892026, 0.0, 42.782260978416396, 0.0, 33.33928938341698, -89.59899179246064, 0.0, -45.53387695374145, 0.0, -67.04595947668822, 120.7242287664616, 2.561707183762108, -42.114495407062435], [82.92593690145571, 245.0662808756474, 0.0, 0.0, -687.3930710762045, 0.0, 0.0, 245.0662808756474, 0.0, 0.0, -687.3930710762045, 82.92593690145571, 0.0, 0.0, 0.0, 0.0, -687.3930710762045, 0.0, 4.285674152726942, 0.0, 0.0, 56.62963537720322, 0.0, 0.0, 0.0, 0.0, -750.13056142636, 0.0, 0.0, 324.4144226525112, 0.0, 0.0, 1263.0598539130228, 0.0, 0.0, -2124.490006868222, 28.468234295396574, 151.00019684925985, -387.2281538860056, 0.0, 0.0, 0.0, 666.1586088420247, 0.0, 0.0, 2022.1801520402885, 0.0, 0.0, -5271.82363659817, 29.334114805422754, 116.39639838906247, 0.0, 0.0, 7.938303941778974, 0.0, 0.0, 0.0, 0.0, 0.0, 20.119974052794518, 0.0, -162.31358657750624, 0.0, 0.0, -349.1143151552309, 0.0, 23.089116396267887, 0.0, 0.0, 13.442379062182214, 0.0, 0.0, 0.0, 0.0, 0.0, -104.09215908313763, 0.0, 0.0, 0.0, -103.70723790429005, 0.0, 0.0, 0.0, 0.0, 0.0, 73.55570444519917, 0.0, -15.41649169465567, 0.0, -33.37844607487817, 140.17267375938778, 0.0, 0.0, 84.30997774735468, 0.0, 145.7566687033736, 0.0, 0.0, 0.0, 0.0], [90.49343567778043, 0.0, 75.46880727559285, 0.0, -293.4531127509264, 90.49343567778043, 0.0, 0.0, 75.46880727559285, 0.0, -293.4531127509264, 0.0, 90.49343567778043, 0.0, 0.0, 75.46880727559285, 0.0, -293.4531127509264, 0.0, 0.0, 0.0, 0.0, 0.0, 0.0, 0.0, 85.76622276925984, -648.4490926108168, 0.0, 495.11840063604535, 0.0, 0.0, 491.15724075091754, 0.0, 0.0, -1262.4376943740567, 0.0, 28.53916460847176, 0.0, 0.0, -132.4709667047018, 0.0, 0.0, 761.7805436699437, 0.0, 0.0, 0.0, 642.5366903613867, 0.0, -2360.404953902025, 40.13312841886037, 0.0, 35.77431761779805, 0.0, 10.311049405845479, 0.0, 0.0, 0.0, 0.0, 0.0, 2.8743899981920062, 0.0, 0.0, 0.0, 0.0, 0.0, 0.0, 46.87801636420763, 0.0, 0.0, 7.580847410693854, 0.0, 0.0, 4.8849468243183765, 0.0, 0.0, 0.0, -46.94369970077361, 0.0, 0.0, 0.0, -44.850292437591705, 0.0, 0.0, 0.0, 0.0, 29.26886753623401, 0.0, -10.438082185878095, 0.0, -29.085181621431868, 0.0, 68.5429202143119, 0.0, 0.0, 32.73790008664436, 0.0, 45.00022958207521, 0.0, 0.0, 0.0], [-7.897654005906911, 0.8020664255134751, 0.0, 0.0, 4.285674152726942, 0.0, 0.0, 0.8020664255134751, 0.0, 0.0, 4.285674152726942, -7.897654005906911, 0.0, 0.0, 0.0, 0.0, 4.285674152726942, 0.0, -7.897654005906911, 0.0, 0.0, 0.8020664255134751, 0.0, 0.0, 0.0, 0.0, 0.09127062959735177, 0.0, 0.0, -15.217001633624761, 0.0, 0.0, 1.922573015209923, 0.0, 0.0, 10.2030041129484, -2.0071628170653693, 0.24187258627523117, 1.0626803120739041, 0.0, 0.0, 0.0, -58.14875648031919, 0.0, 0.0, 6.1178032640150235, 0.0, 0.0, 32.65614567292068, -1.443997100489296, 0.30021506160659045, 0.0, 0.0, 0.0, 0.0, 0.0, 0.0, 0.0, 0.0, 0.13066128992437476, 0.0, 2.032110533033109, 0.0, 0.0, 1.848797292233885, 0.0, -0.07129734454063391, 0.0, 0.0, 0.004479084413575939, 0.0, 0.0, 0.0, 0.0, 0.0, 0.690792480851987, 0.0, 0.0, 0.0, 0.7291566841320335, 0.0, 0.0, 0.0, 0.0, 0.0, 0.13650943669916082, 0.0, 0.07207766842247029, 0.0, 0.08519944129384185, 0.8551533987765105, 0.0, 0.0, 0.20558137859181155, 0.0, 0.4842422806206147, 0.0, 0.0, 0.0, 0.0], [14.821586620219144, -295.3145012174547, 0.0, 138.39400975855588, 0.0, 0.0, 0.0, 0.0, 0.0, 0.0, 0.0, 14.821586620219144, 0.0, -295.3145012174547, 0.0, 0.0, 0.0, 0.0, 0.0, -295.3145012174547, 0.0, 0.0, 138.39400975855588, -72.83898706279605, 0.0, 0.0, 0.0, 32.28262770887952, 0.0, 0.0, -788.5884547907489, 0.0, 0.0, 598.1622760319234, 0.0, 0.0, 3.5287940651228125, -134.1227158767556, 67.2466767079374, 0.0, 0.0, 0.0, 110.75040246322416, -2203.8352779792417, 0.0, 0.0, 0.0, 1113.2322204488107, 0.0, 3.95054206948919, -68.96973901253632, 0.0, 31.270144184009947, 0.0, 0.0, 0.0, 0.0, 0.0, -127.22537087134228, 0.0, 0.0, 58.089350842458984, 0.0, 0.0, 0.0, 0.0, 0.143143817575901, -2.452394343608381, 0.0, 0.0, 0.0, 0.0, 0.0, 21.117423428087022, 23.380246656529206, 0.0, 0.0, 0.0, 0.0, 26.122974118491687, 0.0, -54.10605544648305, 0.0, 0.0, 0.0, 0.0, 4.614262460963204, 0.0, 0.8151186594213813, 10.22613747598642, 43.56728607527313, 0.0, 0.0, -79.55275363814471, 0.0, -220.13872201513573, 0.0, 102.40108726844558, 0.0, -45.41208713311248], [9.194515942658706, -181.06637704561302, 0.0, 86.62456631736822, 0.0, 0.0, 0.0, 0.0, 0.0, 0.0, 0.0, 9.194515942658706, 0.0, 0.0, 0.0, 0.0, 0.0, 0.0, 0.0, 0.0, -181.06637704561302, 0.0, 0.0, -46.32561947645666, 0.0, 0.0, 0.0, 19.754189636871025, 0.0, 0.0, -477.2125674827351, 0.0, 0.0, 371.21681467918756, 0.0, 0.0, 2.2372667888769144, -82.2656894925753, 38.54298272668303, 0.0, -130.24011585891245, 0.0, 68.26606347159118, -1342.9868848612725, 0.0, 0.0, 0.0, 695.9593775466291, 0.0, 0.0, -34.543910893034884, 0.0, 16.04748406634999, 0.0, 0.0, 0.0, 0.0, 0.0, -84.01461765241068, 0.0, 0.0, 39.11586690249761, 4.893845125059199, 0.0, 0.0, 0.0, 0.0, 0.0, 0.0, 0.0, 0.1943435133822858, 0.0, 0.0, 13.25757860747216, 13.74033897601867, 0.0, 0.0, 17.426297692531048, 0.0, 0.0, 0.0, 0.0, 0.0, -30.949232304598606, 0.0, 0.0, 2.562496150212491, 0.0, 0.0, 5.346555195657924, 24.139277071183184, 0.0, 0.0, -43.27859062296218, 0.0, 0.0, 0.0, 66.50757309695989, 0.0, -23.391088156270406], [0.8020664255134751, -74.61465473253392, 0.0, 0.0, 56.62963537720322, 0.0, 0.0, -74.61465473253392, 0.0, 0.0, 56.62963537720322, 0.8020664255134751, 0.0, 0.0, 0.0, 0.0, 56.62963537720322, 0.0, 0.8020664255134751, 0.0, 0.0, -74.61465473253392, 0.0, 0.0, 0.0, 0.0, 1.27431810258495, 0.0, 0.0, 1.922573015209923, 0.0, 0.0, -224.80905261619537, 0.0, 0.0, 200.78393938808495, 0.24187258627523117, -39.45287548223164, 29.794443325826357, 0.0, 0.0, 0.0, 6.1178032640150235, 0.0, 0.0, -578.3709650617806, 0.0, 0.0, 451.2137918028347, 0.30021506160659045, -26.741402189425767, 0.0, 0.0, 0.0, 0.0, 0.0, 0.0, 0.0, 0.0, -12.244624452727667, 0.0, 8.331202216794068, 0.0, 0.0, 42.26675138664157, 0.0, 0.004479084413575939, 0.0, 0.0, -0.11335159116167295, 0.0, 0.0, 0.0, 0.0, 0.0, 9.554215992962957, 0.0, 0.0, 0.0, 11.071540305829114, 0.0, 0.0, 0.0, 0.0, 0.0, -14.87299070125057, 0.0, 1.859166140594728, 0.0, 2.7821335609460265, 5.9990255702256645, 0.0, 0.0, -21.290317616025373, 0.0, -40.27531071946561, 0.0, 0.0, 0.0, 0.0], [3.6483857202441565, 138.39400975855588, 0.0, -167.6632370557578, 0.0, 0.0, 0.0, 0.0, 0.0, 0.0, 0.0, 3.6483857202441565, 0.0, 138.39400975855588, 0.0, 0.0, 0.0, 0.0, 0.0, 138.39400975855588, 0.0, 0.0, -167.6632370557578, 59.940100269553, 0.0, 0.0, 0.0, 9.976949115982942, 0.0, 0.0, 598.1622760319234, 0.0, 0.0, -641.8720292843017, 0.0, 0.0, 0.8656683227001846, 67.2466767079374, -79.31113119219468, 0.0, 0.0, 0.0, 28.060030778632708, 1113.2322204488107, 0.0, 0.0, 0.0, -1322.052778740844, 0.0, 0.5163890348679631, 31.270144184009947, 0.0, -34.39701788586366, 0.0, 0.0, 0.0, 0.0, 0.0, 58.089350842458984, 0.0, 0.0, -79.08045718957067, 0.0, 0.0, 0.0, 0.0, 0.12197848220209637, 1.874635341918343, 0.0, 0.0, 0.0, 0.0, 0.0, -23.405833025922828, -27.488440920373733, 0.0, 0.0, 0.0, 0.0, -29.004358553672066, 0.0, 37.81904126442039, 0.0, 0.0, 0.0, 0.0, -4.74339023569431, 0.0, -0.8376694700481734, -10.515887270725502, 8.996249256781324, 0.0, 0.0, 44.68086249823505, 0.0, 102.40108726844558, 0.0, -128.635836215081, 0.0, 18.515635279620724], [227.6248963260945, -292.91037767915736, -2815.3757266290067, 2496.1179204816244, 0.0, 216.11221566673046, -1254.9882897798957, 0.0, 0.0, 1114.2930426730527, 0.0, 4.51575878458998, 28.657643933967563, -153.3885274327719, -264.72295656045424, -215.60375378427022, 0.0, 0.0, 0.0, -72.83898706279605, -46.32561947645666, 0.0, 59.940100269553, -32097.223386828682, -1912.153643841963, 0.0, 0.0, 26.48309075908409, 1128.7189995928504, 0.0, -2300.3604693978905, -22464.172792581674, 0.0, 2224.1709134959465, 20786.2796919304, 0.0, 49.89186474870704, -188.03029981231109, 160.46581839427853, 911.8759072965343, -64.44179644225375, -925.9323975196413, 1882.3839175579863, -2529.7369136032057, -24346.39144866835, 0.0, 0.0, 22249.968475419148, 0.0, 29.11427837703793, -85.61971412850608, -702.2009635139144, 664.951138566662, 56.02539808581676, -319.6282185120194, 14.379273163873592, 465.92283449308263, -38.977297885240674, -23.910015151844718, 0.0, 26.161433494676533, 20.194977348980082, 14.553958005939297, -531.9932451975664, 0.0, 47.74868860864701, 42.59077015283328, -25.317510259578267, -482.6300761296127, 0.0, 2.181997113410472, 387.99725757088527, 0.0, 352.0536401260291, 498.6919588540052, 0.0, 0.0, 12.080977158134493, 148.23031016423172, 25.615169310968326, 160.67686764264178, -112.34346463235528, -772.0949899096265, -37.72516196160473, -735.6125361514355, 0.0, 165.680070797483, 0.0, 20.425508648179775, 681.9379244389448, 13.146303868215679, 139.4785142126613, -808.3432990876403, -173.38940334931604, -910.6567978337373, -140.1910384650884, -1291.6181453987933, 2139.9893846829746, 31.037497972658784, -609.7281757727659], [104.83377730197729, 0.0, -1415.992048217591, 1169.8004849953113, 0.0, 97.810510764723, -1245.8648939276918, 0.0, 0.0, 0.0, 0.0, 0.0, 12.899826080365385, 0.0, 0.0, -239.31982592040617, 0.0, 0.0, 0.0, 0.0, 0.0, 0.0, 0.0, -1912.153643841963, -2462.0542035900608, 0.0, 0.0, 0.0, 618.1893414211438, 0.0, 0.0, -14038.946496891216, 0.0, 0.0, 13193.135179003837, 0.0, 34.53391344220691, 0.0, 0.0, 554.7731092226076, 0.0, -1097.8580877095296, 878.6095757983952, 0.0, -12542.952857122378, 0.0, 0.0, 10649.491579051244, 0.0, 0.0, 0.0, -518.4618701970046, 452.5394708849043, 8.999480844691115, -183.87504414102648, 0.0, 168.8978343541397, 0.0, 0.0, 0.0, 22.769561820925134, 0.0, 49.306426453798814, -635.7851927501049, 0.0, 36.721648099193295, 0.0, 0.0, 0.0, 0.0, 0.0, 330.2751440462721, 0.0, 135.9202564378006, 226.25826702987658, 0.0, 0.0, 0.0, 203.95143298619107, 0.0, 0.0, 0.0, 0.0, 0.0, -767.0090833051061, 0.0, 108.99433846495654, 0.0, 0.0, 381.41076594808624, 0.0, 59.18094416661658, -609.0904316108222, 0.0, 0.0, 0.0, 0.0, 933.194552619564, 12.58161652012012, -239.52151766708565], [20.6626648016293, 0.0, -255.1109767788242, 0.0, 210.21204841190985, 20.497237325508166, 0.0, 0.0, -241.2048391034517, 0.0, 198.338376479046, 0.0, 7.698117860503774, 0.0, 0.0, -102.78902928145742, 0.0, 85.76622276925984, 0.0, 0.0, 0.0, 0.0, 0.0, 0.0, 0.0, -392.6939300843466, 619.2125196871897, 0.0, 144.00313500980502, 0.0, 0.0, -2195.3625363851193, 0.0, 0.0, 2004.1228329858716, 0.0, 5.176264801292523, 0.0, 0.0, 94.107405671723, 0.0, 0.0, 177.30793415534467, 0.0, 0.0, 0.0, -2230.162750532628, 0.0, 1874.0223943174847, 9.138074484692567, 0.0, -110.29361623209277, 0.0, 4.709719811125492, 0.0, 0.0, 0.0, 0.0, 0.0, -4.732494310603014, 0.0, 0.0, 0.0, 0.0, 0.0, 0.0, 3.6483637134448634, 0.0, 0.0, -28.580789982959192, 0.0, 0.0, 1.7511667003196056, 0.0, 0.0, 0.0, 39.3292116742182, 0.0, 0.0, 0.0, 52.01420330884036, 0.0, 0.0, 0.0, 0.0, -120.548036593552, 0.0, 18.300844149030773, 0.0, 49.366416415629985, 0.0, 12.091573269053463, 0.0, 0.0, -104.7259136590738, 0.0, -160.80018748486205, 0.0, 0.0, 0.0], [775.1188560930267, 655.170814542069, 441.6966866177304, 0.0, -2982.192762293578, 539.5591006490487, 0.0, 649.1925778353691, 440.1874343814713, 0.0, -2969.490193380518, 136.97559460773402, 236.19725084771275, 0.0, 0.0, 194.4106810479216, -750.13056142636, -648.4490926108168, 0.09127062959735177, 0.0, 0.0, 1.27431810258495, 0.0, 0.0, 0.0, 619.2125196871897, -7785.134807711699, 0.0, 3453.3392726497264, 1261.349415518326, 0.0, 3553.9200132433007, 4886.196999253508, 0.0, -8100.858339191726, -7159.4777497739515, 230.59532968975103, 417.1387341121339, -897.8590073952683, -624.0554012680258, 0.0, 0.0, 6587.395584610931, 0.0, 0.0, 5644.048821006302, 3848.127360455756, 0.0, -24257.08472389102, 320.48465043157125, 313.20606959355285, 199.98682949389493, 0.0, 112.11138692750428, 0.0, 0.0, 0.0, 0.0, 0.0, 31.21644049126382, 0.0, -134.36605908522947, 0.0, 0.0, -758.7097150372535, 0.0, 394.4469436609095, 0.0, 0.0, 138.61895441934413, 0.0, 0.0, 24.56615621845324, 0.0, 0.0, -237.18733918814092, -236.92180436992712, 0.0, 0.0, -253.37840218558185, -256.23979378712625, 0.0, 0.0, 0.0, 0.0, 466.9044456559165, 0.0, -155.64946938459266, 0.0, -357.900650132123, 260.9144939075874, 271.81079884181355, 0.0, 252.2375417726847, 188.4071024421678, 439.21523731959604, 276.84244594727267, 0.0, 0.0, 0.0], [-504.05589194496025, 198.21896687951184, 0.0, 247.42201622098946, 0.0, 0.0, 0.0, 0.0, 0.0, 0.0, 0.0, -408.2641269730451, 0.0, 103.2698147520566, 0.0, 0.0, 0.0, 0.0, 0.0, 32.28262770887952, 19.754189636871025, 0.0, 9.976949115982942, 26.48309075908409, 0.0, 0.0, 0.0, -2445.0451972444575, 0.0, 0.0, 878.895150424346, 0.0, 0.0, 1476.7472101981512, 0.0, 0.0, -153.43291976779926, 59.5020005155904, 76.17147678439925, 0.0, 52.181377817661584, 0.0, -4129.499288882878, 1614.6598930857253, 0.0, 0.0, 0.0, 2094.3678692223593, 0.0, -111.32539598068462, 61.217220788296466, 0.0, 64.11183735509208, -20.207439701227845, 1.1075331147338927, 13.48606174521487, 0.0, 0.0, 44.28577792174816, 0.0, 0.0, 69.4118505355179, -63.32449545729198, 0.0, 0.0, 0.0, -106.79767887865705, 20.494262346736118, 0.0, 0.0, 0.3431655133387911, 0.0, 0.0, 22.588054469190897, 46.8679887298766, 0.0, 0.0, 11.021440604068117, 0.0, 46.20163871224988, 0.0, 36.08228231667901, 0.0, 16.533490805701863, 0.0, 0.0, 15.02563343400445, 0.0, 2.519124407399964, 31.870956746578862, 24.06014206762282, 0.0, 0.0, 57.54744538227492, 0.0, 86.3828289671168, 0.0, 205.20827463587497, 0.0, 33.79879119680298], [-4064.5341479635244, 0.0, 1592.6375620554863, 1072.0191046188042, 1150.456393618298, -3963.78220876198, 530.0481414669296, 0.0, 112.56742755213443, 782.0227068559179, 1143.401490854367, 0.0, -1056.7606287220674, 0.0, 158.86960628295267, 111.59645633645871, 0.0, 495.11840063604535, 0.0, 0.0, 0.0, 0.0, 0.0, 1128.7189995928504, 618.1893414211438, 144.00313500980502, 3453.3392726497264, 0.0, -29356.8190011949, 0.0, 0.0, 10024.744093221323, 0.0, 0.0, 18812.92546138289, 0.0, -1069.760644251204, 0.0, 0.0, 553.6793284705433, 0.0, 418.7457123339068, -35054.32101162542, 0.0, 12524.445590558376, 0.0, 979.9154232294834, 9638.684247337675, 10059.457765874473, -1248.9149547751845, 0.0, 553.4988943835477, 374.5719044667852, -531.064512341805, 48.21309276652234, 0.0, 149.91292913615084, 29.084398186113503, 0.0, 2.056774430730379, 2.0338253516789746, 0.0, -361.8585475774343, 581.4710198346789, 0.0, -369.0382778054712, -1598.5311147017746, 0.0, 384.82819670416905, 20.744943928780522, 0.0, 162.27170789700358, -72.93985073332868, 71.2357679511204, 210.27575343009474, 0.0, 212.98051422003127, 0.0, 43.422930205433914, 0.0, 372.09325858684014, 0.0, 341.7619492837608, 0.0, 209.96131649699362, 46.70543489843128, 85.65643208934891, 79.1356284956383, 14.8