"{\"x\": [-4.9461452186434665, -1.5633149779578925, -2.4661247116317004, -0.1103062655033307, -0.2366566399843619, -5.102895637449887, -4.103774321769239, -4.6659816265287395, -1.860710307554875, -4.9499353951917495, -1.6440521339581329, -8.724909220163852, -3.1616853479986817], \"success\": true, \"status\": \"Algorithm optimized\", \"fun\": -22651.942594315497, \"jac\": [0.0014083201695469505, -0.004822415805630698, 0.004660261554363387, 0.016453195479419203, 0.010465394386152127, -3.655113682843325e-05, -2.7611235038804693e-05, 0.0007417140027778935, 0.001190206240511138, 0.0002456029794117853, -8.3747442198856e-06, -0.0007231719516234136, 0.00014007277214567182], \"hess\": [[-727.5954928826278, 330.0511514544161, 287.12250033556654, 336.90121568165665, 518.7460963204455, -214.02155927683796, 78.74106401111347, 48.530066560855545, 52.115812746781216, 10.517803151834203, 29.786688517741695, 36.66962102625824, 103.20137735273802], [330.0511514544161, -5257.035761382603, 3432.3709059442604, -5959.711899707475, 5473.640367902529, 94.37147354156616, -1320.3360770372542, 574.6500155564087, 730.3775278797839, 149.4946086238477, 353.4844118177742, 475.65360952883714, -1606.145220737267], [287.12250033556654, 3432.3709059442604, -4600.693975464072, 5068.710750171651, -6802.556790682581, 107.0164725753626, 1092.0955635391929, -726.2648668093714, -859.9401046590546, -161.5841364114107, -388.9819134236066, 292.24450273284106, 1185.1687979206622], [336.90121568165665, -5959.711899707475, 5068.710750171651, -32639.84463234328, 13335.921129441198, 140.57134495311414, -2818.1896272345507, 961.3621380162926, 1006.8950529435904, 371.1067028983786, 1182.0852278665996, 211.84890807923804, -2769.457310380202], [518.7460963204455, 5473.640367902529, -6802.556790682581, 13335.921129441198, -20161.032689459993, 254.7421722138842, 2480.757907991397, -1138.0515249454024, -1304.223982873004, -464.00157170970704, -1196.1280726642647, 287.26200256197063, 2277.058156858979], [-214.02155927683796, 94.37147354156616, 107.0164725753626, 140.57134495311414, 254.7421722138842, -96.53778796680012, 30.749885768907525, 19.78023029306566, 20.05778985913397, 6.154717757326081, 19.092475911508053, 5.138713257854429, 34.207817487634145], [78.74106401111347, -1320.3360770372542, 1092.0955635391929, -2818.1896272345507, 2480.757907991397, 30.749885768907525, -565.8471772335146, 201.05966519171528, 250.69938904870375, 80.63385773759808, 225.98456175284542, 56.450910557785846, -519.5397306813525], [48.530066560855545, 574.6500155564087, -726.2648668093714, 961.3621380162926, -1138.0515249454024, 19.78023029306566, 201.05966519171528, -149.71170015713628, -124.11223442934082, -25.801155560009004, -81.09602740668609, 37.96004534633809, 204.87542694234878], [52.115812746781216, 730.3775278797839, -859.9401046590546, 1006.8950529435904, -1304.223982873004, 20.05778985913397, 250.69938904870375, -124.11223442934082, -327.7535535717271, -42.53197378223021, -36.86405888692756, 31.983506701838145, 253.7590364149035], [10.517803151834203, 149.4946086238477, -161.5841364114107, 371.1067028983786, -464.00157170970704, 6.154717757326081, 80.63385773759808, -25.801155560009004, -42.53197378223021, -23.975151266718274, -40.647312257180054, 1.05745582341234, 62.8608635089567], [29.786688517741695, 353.4844118177742, -388.9819134236066, 1182.0852278665996, -1196.1280726642647, 19.092475911508053, 225.98456175284542, -81.09602740668609, -36.86405888692756, -40.647312257180054, -159.42119725774037, 3.1722056146880004, 169.55761733448549], [36.66962102625824, 475.65360952883714, 292.24450273284106, 211.84890807923804, 287.26200256197063, 5.138713257854429, 56.450910557785846, 37.96004534633809, 31.983506701838145, 1.05745582341234, 3.1722056146880004, -322.3857352692523, 109.33412168463938], [103.20137735273802, -1606.145220737267, 1185.1687979206622, -2769.457310380202, 2277.058156858979, 34.207817487634145, -519.5397306813525, 204.87542694234878, 253.7590364149035, 62.8608635089567, 169.55761733448549, 109.33412168463938, -664.7268629024818]], \"nit\": 30, \"nep\": 14.583885290050222, \"stop_crit\": 5.073642639711979e-07, \"opti_time\": 1.6738440990447998}"