"{\"x\": [-13.252738025614887, -17.077042111481244, -14.016276809001235, -23.24723515175204, -19.23988169085557, 1.2630672973422614, 0.5307103808787067, -1.6930451088995708, -1.068953521318268, -0.4610355263847088, -0.9030899002361108, 0.5229686408516385, -0.5389745683494844, -0.36003042123107054, -0.5703581516020986, -0.08419083897711896, -0.21461476501441212, -0.543906457331849, -1.8023946676211253, 1.6006240450983817, 2.011954559291707, 0.7162632684627391, -0.2993583558841829, -0.13301380158341558, -0.5423260808225874, 0.7443949567125807, -0.2880669527493046, -0.814990760695888, -1.173096748152162, -0.7284812477683736, -0.5768100465363899, -0.9666223586267374, -0.3497549728573877, -0.6648384105850763, -1.050891237870018, -0.5059447943314404, -0.8299922174497573, 0.48710818628732133, 0.22803984316530942, 0.17779166241526245, -0.4096633655646933, -0.1511344918057031, 1.3868908906441864, 2.378771631194843, 2.222007155408974, 2.327783061249343, 1.9139749994481328, 3.1016215277653507, 2.861815227124642, 0.333318230225946, 0.8490906412304764, 0.4185019583990758, 0.26090799920900803, 0.911680529964536, 0.9408753288817546, 1.0060055414188838, 0.6543024380684692, -0.43800522435954553, -0.7076030999891639, -1.0980927861473042, -0.23111598470502867, 0.4309731714395057, 0.5218369897358948, -0.49910527291523166, 0.09775657676872873, 1.6255923645158106, 0.7133565687545408, -1.3360219931899473, -0.8846406069786251, -1.5036674539018136, 0.9986019790896274, 0.46755354391913195, -0.7544325142303282, 0.27702180188771375, -5.356361397180361, -7.135321051876059, -6.486684696454823, -2.7785885966056565, -3.855763631205227, -1.96685393450651, -2.5688042469866477, -3.7270883963276833, -4.480436440704374, -3.9014691937724306, -2.02658026416376, -5.552649718612016, -5.879805334118952, -4.617573370357937, -6.482664669050031, -1.6398333336107054, -4.719296104438169, -6.036355363691621, -3.277492012266536, -2.0974078325432726, -2.323785322607757, -0.4392313138097155, -0.21240722510745688, 0.43641845919334277, -0.29868235138950766, 0.07769780750158321], \"success\": true, \"status\": \"Algorithm optimized\", \"fun\": -17304.274550336402, \"jac\": [-0.0009072881700351587, 0.00020828724065857784, 9.349908949563002e-05, 5.3049444396435774e-05, -0.00033820850475496655, -0.0009893290901823448, -0.0004382653695991223, 0.0005063182971944968, 2.635179213505978e-05, -0.00011863013949120482, -0.0004641198673320801, 0.00010244059537223293, -0.00010421769883950383, -0.00019287178318805331, 1.559004352280624e-05, 7.597985670804164e-05, -0.00035371640336928634, -0.00024928544735125513, -2.6324116413067866e-05, -5.2489246287867886e-05, 0.0001537876887545142, 0.00013429420568350503, -9.799066228655118e-05, 0.0011026316105127165, -0.00073145534368102, 0.0005770873642911845, -0.0017611035969782307, 5.0123784460787135e-05, -0.002525132612296588, 0.0005934945060470653, 0.00041806686298428986, 0.002189216588384113, 0.003976528077478392, -0.0005306018268527168, -0.0009728936224284723, -0.004011437053698774, -0.000442467813650968, 0.00012123293196708573, 4.8302548111833765e-05, 0.0006983906928774708, 0.00010526217837503182, -0.00047095001633357114, -0.006744847016278754, -0.00018555343534387703, 0.0007308406212338525, 0.0025565662332383, 0.00036396779260172707, 0.0013339213287366647, -0.003220692041658424, -9.141835086023953e-05, 4.0534076357179316e-05, 0.0001384572751459423, -0.00010029750877840748, -4.4019967476272015e-05, -0.0001548654772525193, 6.107493619689208e-05, 8.094994499807662e-05, -1.0500818564684877e-07, 0.00010044167547729188, 0.00027081103463577616, 4.858498781667997e-05, -0.0004178873106162051, -0.00023642737710782846, 0.00031293149689481936, -0.0002343911942448429, -0.00015815183034356695, -0.00013199835334387622, -6.568463407274905e-05, 4.870049371463736e-05, 0.00011877398733772804, -7.738097566267754e-06, 0.00010981027067868965, 2.6115529029646645e-05, -4.1078855588239094e-05, 2.265406307611073e-05, -6.51993020213959e-05, -1.3342331713794842e-05, -8.238656719949944e-06, 2.0921500037851537e-05, -8.306256827284031e-05, -0.00011342524131019438, -8.020440962752673e-05, 0.00018265363949199198, 8.198995391028863e-05, -0.0002711605677974127, 0.0003872663223959405, -1.762083675083126e-05, -6.924270373465796e-05, 1.5791829924283185e-06, -9.190212912169038e-05, -0.00011969580815729408, 0.00032360974059827963, -0.0003725536363101689, 0.00011249840814775425, 0.00031034332334400894, 8.501578899156037e-05, 0.0001080423406525366, -5.229753110214119e-05, -0.00017385257537323728, 0.0002910516714393907], \"hess\": [[-697.058219084876, 40.28260019376645, 223.17576056470193, 117.97465196134323, 167.80927909899293, -494.6810549241114, 76.51626742375174, 6.37539196138163, 12.358419476143764, 63.22323756564265, 163.97087055279556, -134.52747503568804, -115.7387132036332, 17.392355306413855, 18.144564093700257, 12.61754116995889, 37.239150370487785, 43.876646208044704, -1.987011367491939, 6.3811904495592575, 4.831212405400221, 0.18056671194453094, 2.036276244477321, 120.47388431727857, 50.27686184002434, 10.181457793405814, 361.84639007857436, -224.61240060954793, -2017.2521694877328, -264.78511903701855, 87.1223724266052, 774.1029968727127, 21.363838575521907, 108.34989406777918, 1117.0382341956854, 207.6646684849206, -218.4798762602388, 13.651574765575088, 31.604754611181097, 55.173744609605514, 9.780118361603659, 64.69557851761714, -5456.157501968317, 255.6206728645855, 1649.2494895962088, 53.497270882814995, 102.25321624955964, 987.067325261539, 1375.0296359901174, -194.41197123905079, 14.30126090405888, 72.25218540147725, 35.941762465813184, -71.46456593665472, 5.576007927482364, 1.3759643630516163, 14.817491445245599, 6.604401322776479, 8.481614876919911, 0.5516124008276327, 0.2862395612583538, 16.977898224939192, -76.1387344550316, 102.96495499209138, 23.532707454470415, -34.00816151677144, -178.74219195065558, 2.2499525436065455, 38.795876052516874, 3.2161196012435345, 0.0672247768037516, 11.051247967207173, -9.589679991089922, 7.254571510927002, 21.039445787999316, 10.406006929593737, 18.817350928149704, 1.237840628702212, 3.1969960288421664, 14.995495210437923, 30.61217403197538, 3.919845584970052, 30.60057344940595, 2.0782336735950553, 17.89594453564071, 5.054594851690651, 5.5398885951900105, 6.586214111842887, 0.9427753080381223, 34.60057162867062, 17.777224253126686, 33.06037160418254, 25.544992357086937, 10.249984859194305, 46.91610110126214, 20.18507981044507, 109.12097307103801, 105.53346915382964, -47.797930218157376, 35.0947934408025], [40.28260019376645, -1166.4350408837324, 0.0, 545.0635052219226, 246.30759261343928, 0.0, 0.0, -240.1185869499666, 0.0, 0.0, 188.31634422437918, 33.63653726315248, 0.0, -403.67340605627106, 0.0, 0.0, 116.07497645455133, 0.0, 0.18056671194453094, -136.43955073936218, -100.43853046850666, -34.44666510342902, 65.0261802629378, -144.5596629573111, 0.0, 0.0, 307.7932060212008, 87.1223724266052, 0.0, 21.363838575521907, -3151.6310966681417, 0.0, -1257.3184114822686, 2718.044427801695, 0.0, 1161.5460186204498, 13.651574765575088, -703.1772930134729, 489.12273831884835, 0.0, -193.25094754306224, 0.0, 309.1179437474004, -6682.763955899006, 0.0, -2468.517890312755, 0.0, 4487.483386149613, 2008.418702851205, 10.998132620081513, -368.9610642287058, 0.0, 166.14276499383396, 1.5091351903347887, -5.434617597613478, 22.040137907841377, 0.0, 0.0, -222.6631266014141, -13.63883836212341, 0.0, 140.05471439601476, 6.93312923800155, 0.0, 181.5346663236774, 0.0, 3.0742498603871007, -51.55555945251256, 0.0, -15.54801218390203, 2.6313787781712596, 0.0, 0.0, 66.24246969210029, 94.81120025862373, 41.2588979637193, 0.0, 35.46022021653422, 0.0, 140.17264734009603, 0.0, -143.31465332986224, 0.0, -51.333385369628914, 0.0, -76.6009950864058, 23.19197544541816, 10.006850997303891, 3.221687886944254, 64.8685553487009, 113.66379606269584, 0.0, 0.0, -326.4703616584548, 0.0, -649.4735950224889, 0.0, 407.7309849065133, 0.0, -140.50521192685778], [223.17576056470193, 0.0, -2351.9823244015115, 1225.2748377703408, 108.17875076838094, 213.8974115147401, -736.4601145351133, 0.0, -140.02800572970747, 662.6686929074383, 93.38978219599328, 0.0, 30.762105263659137, 0.0, -252.84515502023422, -178.09360059199585, 0.0, 42.76240310499901, 0.0, 0.0, 0.0, 0.0, 0.0, -1461.19029239375, -728.3204513450398, -132.76568868179191, 226.2102018582595, 0.0, 774.1029968727127, 0.0, 0.0, -10700.176816562926, 0.0, 0.0, 8944.59633277959, 0.0, 69.65337677478911, 0.0, 0.0, 653.3992505561171, 0.0, -716.5917221250148, 1751.5027058457688, 0.0, -17328.804834875322, 0.0, -1289.5742543521185, 10432.692957574422, 902.3724888834669, 50.26038167771394, 0.0, -755.3412079917599, 438.64605380801413, 21.973291421760926, -65.42661295385392, 0.0, 137.81056992106164, -78.5461361076318, 0.0, -4.555300791267305, 15.766176656498677, 0.0, 45.75151816139591, -1182.8124742728114, 0.0, 21.105200074570533, 41.18769833697986, 0.0, -263.1927202706549, -13.759905267722703, 0.0, 103.94449006544257, 1.0580747857274386, 149.0952618080112, 210.94139785872693, 0.0, 17.974495666591398, 0.0, 84.10010453847093, 0.0, 176.54513251814964, 0.0, -362.0894576859713, 0.0, -246.64533537033117, -45.88740158517, 67.9790900709056, 5.628032482112292, 8.0267439437022, 212.17870464274924, 0.0, 260.19916823881357, -286.8119719930055, 0.0, -497.06792253626224, 0.0, -1115.106201660981, 963.5932591164205, 29.39177018803514, -368.07424857023096], [117.97465196134323, 545.0635052219226, 1225.2748377703408, -2144.8556583161735, 0.0, 84.77676593621638, 416.33945671471866, 0.0, 0.0, -785.85006240476, 0.0, 24.551483919115736, 16.371105806051084, 256.3020822069157, 162.36329500740268, 73.9218228379503, 0.0, 0.0, 0.0, 65.0261802629378, 45.70906369290925, 0.0, -81.71448810474082, 1294.2040182426133, 604.5456383251288, 0.0, 0.0, 108.34989406777916, 558.1897332685012, 0.0, 2718.044427801695, 8313.932507039339, 0.0, -3067.4508114296673, -9057.066882018114, 0.0, 32.234518395584836, 324.138171647565, -425.13650293246326, -675.1432073838153, 116.10412543980397, 393.18891135213937, 987.0673252615392, 4487.483386149613, 10432.692957574422, 0.0, 0.0, -17767.514409471027, 0.0, 28.93314780063919, 166.14276499383396, 438.64605380801413, -689.8453537021654, 16.19345580829722, 55.512417288211644, -27.429890625946022, -161.34845565587216, 28.09082435479497, 130.25840541884187, 0.0, -17.409234192899806, -204.39262491785752, 9.946061571180547, 598.9542151231891, 0.0, 11.051247967207173, 41.685640848181606, 42.970423442320225, 189.81518407699096, 0.0, -3.4031412166938138, -116.93061775137164, 0.0, -243.04763277439505, -361.2753045390204, 0.0, 0.0, -39.95686110305985, -90.32484400251448, -106.76744544434055, -172.46181764848825, 119.5447978195904, 282.8639120343332, 40.59554824967874, 200.24536224919996, 0.0, -98.01709845021004, 0.0, -12.367499050653237, -264.3939585359227, 63.063949309954126, 46.490646397863124, 193.85918796332933, 169.63912952952217, 287.3590978090634, 292.81522773121964, 578.1556228955045, -1696.6379717078114, 11.410458925693487, 299.04078782001034], [167.80927909899293, 246.30759261343928, 108.17875076838094, 0.0, -1084.009041760281, 105.7302343482818, 0.0, 188.31634422437918, 93.38978219599328, 0.0, -926.8783636008723, 37.239150370487785, 43.876646208044704, 0.0, 0.0, 42.76240310499901, -336.3455026038911, -150.17886878572332, 1.0331810962099812, 0.0, 0.0, 25.938238099591057, 0.0, 0.0, 0.0, 110.88873958600999, -1447.813075850137, 0.0, 558.8485009271843, 207.66466848492058, 0.0, 630.6638257402485, 1161.5460186204498, 0.0, -1511.1371615662129, -1910.4778202234772, 54.54398082520174, 164.98456667128332, -422.47553827093003, -180.07131564723127, 0.0, 0.0, 1375.0296359901172, 0.0, 0.0, 2008.418702851205, 902.3724888834669, 0.0, -8324.119133605618, 65.30268298601234, 96.55752810525105, 43.997785921309514, 0.0, 20.545409237517447, 0.0, 0.0, 0.0, 0.0, 0.0, 12.849691407172191, 0.0, -93.41579526624082, 0.0, 0.0, -423.6861979029369, 0.0, 68.5135403751221, 0.0, 0.0, 23.644658459156563, 0.0, 0.0, 5.540239357134729, 0.0, 0.0, -100.23229084881964, -59.054773895096076, 0.0, 0.0, -100.49188690664634, -62.25208191596484, 0.0, 0.0, 0.0, 0.0, 106.2286486638466, 0.0, -24.459848323148442, 0.0, -56.766683473123386, 140.78265644820172, 81.02427981438315, 0.0, 77.38927186935298, 42.547415093097364, 160.82562626024878, 69.23978546545375, 0.0, 0.0, 0.0], [-494.6810549241114, 0.0, 213.8974115147401, 84.77676593621638, 105.7302343482818, -494.6810549241114, 76.51626742375174, 0.0, 12.358419476143764, 63.22323756564265, 105.7302343482818, 0.0, -115.7387132036332, 0.0, 18.144564093700257, 12.61754116995889, 0.0, 43.876646208044704, 0.0, 0.0, 0.0, 0.0, 0.0, 114.82196778130988, 47.674496337914064, 10.080895693827145, 263.1745519017191, 0.0, -1975.4977381250847, 0.0, 0.0, 750.436983281637, 0.0, 0.0, 1102.8905389819367, 0.0, -150.61254064503692, 0.0, 0.0, 54.18958734083839, 0.0, 60.099050472842116, -3920.006219486695, 0.0, 1580.7524902627795, 0.0, 100.27236361310516, 722.6267060468081, 883.3598337004073, -140.75442257699692, 0.0, 70.39193383980655, 28.12145304452293, -58.48911926114321, 5.277071086760762, 0.0, 14.595133593497435, 6.588312664848097, 0.0, 0.3004410626926741, 0.2856858122191032, 0.0, -56.797448244216454, 95.41661964067042, 0.0, -33.53825899490466, -141.59142044704214, 0.0, 38.58840521421762, 2.391822284462979, 0.0, 10.961725193457378, -9.448347726816252, 5.352327322639262, 15.232186018775517, 0.0, 18.6307129427241, 0.0, 2.9414801603093585, 0.0, 30.277398818782817, 0.0, 29.91808248414789, 0.0, 17.002982677065567, 3.537971668719934, 4.543823722756369, 5.001341269458677, 0.7763141721356779, 29.15742299973069, 0.0, 31.981833026927248, 24.278304747134317, 0.0, 45.85562818583026, 0.0, 105.76473607439225, 76.56472562740551, -46.12621707942054, 28.38539298859447], [76.51626742375174, 0.0, -736.4601145351133, 416.33945671471866, 0.0, 76.51626742375174, -736.4601145351133, 0.0, 0.0, 0.0, 0.0, 0.0, 7.703057377791681, 0.0, 0.0, -114.78448226083471, 0.0, 0.0, 0.0, 0.0, 0.0, 0.0, 0.0, -683.8601227881873, -644.2000962532751, 0.0, 0.0, 0.0, 254.91178388312366, 0.0, 0.0, -3632.794520060503, 0.0, 0.0, 3102.833991080603, 0.0, 27.737648940030812, 0.0, 0.0, 214.55064861388337, 0.0, -592.8274523227312, 595.5975212802343, 0.0, -5841.3349050335855, 0.0, 0.0, 3575.284896538491, 0.0, 0.0, 0.0, -235.57234317456982, 151.83386273408973, 5.277071086760762, -61.49629375002343, 0.0, 47.06764687884884, 0.0, 0.0, 0.0, 15.581601500845673, 0.0, 41.465542961995055, -382.2404194348053, 0.0, 20.779701074257396, 0.0, 0.0, 0.0, 0.0, 0.0, 101.78415470816589, 0.0, 48.8508783036229, 73.27761909356303, 0.0, 0.0, 0.0, 71.22897198770764, 0.0, 0.0, 0.0, 0.0, 0.0, -218.82797937974277, 0.0, 25.463114613747244, 0.0, 0.0, 81.44105795625939, 0.0, 73.59333692377628, -251.40668534822936, 0.0, 0.0, 0.0, 0.0, 327.57363352450125, 11.091539329894623, -126.15650761344578], [6.37539196138163, -240.1185869499666, 0.0, 0.0, 188.31634422437918, 0.0, 0.0, -240.1185869499666, 0.0, 0.0, 188.31634422437918, 4.398973239587086, 0.0, 0.0, 0.0, 0.0, 116.07497645455133, 0.0, 0.18056671194453094, 0.0, 0.0, -34.44666510342902, 0.0, 0.0, 0.0, 0.0, 304.32036796927576, 0.0, 0.0, 20.51680551049555, 0.0, 0.0, -1053.3054334954686, 0.0, 0.0, 970.8436382325467, 2.5642031356275274, -155.46495081147089, 122.6637286595417, 0.0, 0.0, 0.0, 50.04482892404348, 0.0, 0.0, -1929.199139308808, 0.0, 0.0, 1556.4422207555315, 3.526034938256862, -108.96805121166464, 0.0, 0.0, 0.8093546024129841, 0.0, 0.0, 0.0, 0.0, 0.0, -13.63883836212341, 0.0, 9.79630897717286, 0.0, 0.0, 128.84001749002363, 0.0, 0.8213444882118957, 0.0, 0.0, -15.213910564952547, 0.0, 0.0, 0.0, 0.0, 0.0, 32.91104835979028, 0.0, 0.0, 0.0, 40.498961880270215, 0.0, 0.0, 0.0, 0.0, 0.0, -63.874934630653755, 0.0, 8.455985308394725, 0.0, 18.184162539083296, 16.498714653272053, 0.0, 0.0, -75.81624801650008, 0.0, -151.0897352891957, 0.0, 0.0, 0.0, 0.0], [12.358419476143764, 0.0, -140.02800572970747, 0.0, 93.38978219599328, 12.358419476143764, 0.0, 0.0, -140.02800572970747, 0.0, 93.38978219599328, 0.0, 4.914483792167209, 0.0, 0.0, -63.30911833116119, 0.0, 42.76240310499901, 0.0, 0.0, 0.0, 0.0, 0.0, 0.0, 0.0, -123.32317471313067, 225.2462012076652, 0.0, 55.78762224565643, 0.0, 0.0, -692.53865105785, 0.0, 0.0, 586.2823081935433, 0.0, 3.575215925119727, 0.0, 0.0, 47.66586884742521, 0.0, 0.0, 100.27236361310516, 0.0, 0.0, 0.0, -1133.3464192675217, 0.0, 788.8269296551148, 5.522526127865604, 0.0, -58.8098292192389, 0.0, 2.1862443625922485, 0.0, 0.0, 0.0, 0.0, 0.0, -4.5369230608969024, 0.0, 0.0, 0.0, 0.0, 0.0, 0.0, 2.391822284462979, 0.0, 0.0, -13.759905267722703, 0.0, 0.0, 1.0428656562782257, 0.0, 0.0, 0.0, 15.821501426569574, 0.0, 0.0, 0.0, 20.160501934575663, 0.0, 0.0, 0.0, 0.0, -42.32476894884959, 0.0, 5.394528259458479, 0.0, 12.512216365098533, 0.0, 13.091428052383849, 0.0, 0.0, -52.596116894275404, 0.0, -88.3559528824804, 0.0, 0.0, 0.0], [63.22323756564265, 0.0, 662.6686929074383, -785.85006240476, 0.0, 63.22323756564265, 0.0, 0.0, 0.0, -785.85006240476, 0.0, 0.0, 13.241577219609303, 0.0, 162.36329500740268, 0.0, 0.0, 0.0, 0.0, 0.0, 0.0, 0.0, 0.0, 536.1210826598143, 0.0, 0.0, 0.0, 0.0, 410.1190532156372, 0.0, 0.0, 4488.429022351165, 0.0, 0.0, -5017.344565891614, 0.0, 15.747113066199375, 0.0, 0.0, -370.34791958475824, 0.0, 0.0, 539.9932776604855, 0.0, 5656.709729125429, 0.0, 0.0, -6639.7881527820045, 0.0, 22.324699866440703, 0.0, 251.94180022210028, -289.4094177304758, 12.570163414739572, 0.0, 0.0, -103.68012484252182, 27.772416831012425, 0.0, 0.0, 0.0, 0.0, 0.0, 288.0269744245464, 0.0, 0.0, 34.13963484091999, 0.0, 187.97354348463887, 0.0, 0.0, 0.0, 0.0, -95.34487152564996, -132.58208344049183, 0.0, 0.0, 0.0, 0.0, 0.0, -158.14104970490857, 0.0, 262.39711210664035, 0.0, 0.0, 0.0, -40.80342679992979, 0.0, -8.371028471130998, -116.49288730010946, 0.0, 29.687080287681606, 0.0, 0.0, 264.48979573647244, 0.0, 515.916522126879, -623.2293882070093, 8.410535074463375, 115.48890777740482], [163.97087055279556, 188.31634422437918, 93.38978219599328, 0.0, -926.8783636008723, 105.7302343482818, 0.0, 188.31634422437918, 93.38978219599328, 0.0, -926.8783636008723, 37.239150370487785, 43.876646208044704, 0.0, 0.0, 42.76240310499901, -336.3455026038911, -150.17886878572332, 1.0331810962099812, 0.0, 0.0, 25.938238099591057, 0.0, 0.0, 0.0, 102.90195797710093, -1440.2891833165206, 0.0, 555.7781572461448, 202.9361204049225, 0.0, 586.2823081935433, 970.8436382325465, 0.0, -1436.6102018360145, -1654.6437855251322, 53.219667646230164, 122.6637286595417, -344.80268616831836, -164.55638751249793, 0.0, 0.0, 1346.583791380458, 0.0, 0.0, 1556.4422207555315, 788.8269296551148, 0.0, -7175.1683312889, 64.7394059003984, 86.98497315943477, 39.72536317883094, 0.0, 20.382712407048256, 0.0, 0.0, 0.0, 0.0, 0.0, 12.831369933816514, 0.0, -93.41579526624082, 0.0, 0.0, -318.16110343288136, 0.0, 68.48869892727583, 0.0, 0.0, 23.31579762356013, 0.0, 0.0, 5.464778935800068, 0.0, 0.0, -85.55446866585082, -54.05221833199835, 0.0, 0.0, -84.55643394399087, -57.57694357473008, 0.0, 0.0, 0.0, 0.0, 91.67823147893151, 0.0, -22.55957488384558, 0.0, -53.964743751872675, 124.77101396826065, 73.82127577428956, 0.0, 63.283642973980754, 38.11749683282502, 117.19489873646656, 57.96736923788245, 0.0, 0.0, 0.0], [-134.52747503568804, 33.63653726315248, 0.0, 24.551483919115736, 37.239150370487785, 0.0, 0.0, 4.398973239587086, 0.0, 0.0, 37.239150370487785, -134.52747503568804, 0.0, 17.392355306413855, 0.0, 0.0, 37.239150370487785, 0.0, -1.987011367491939, 6.3811904495592575, 4.831212405400221, 0.18056671194453094, 2.036276244477321, 1.9078750060323753, 0.0, 0.0, 60.26091590396265, -184.0387173339907, 0.0, -168.71478883059896, 74.79425341007406, 0.0, 14.213834140810095, 84.6055541024293, 0.0, 131.76400178605675, -42.015128643326996, 10.018275328631423, 20.191771155499815, 0.0, 9.458881333669574, 0.0, -1021.8569413370828, 223.12458477770872, 0.0, 34.54271119920692, 0.0, 194.68614533082646, 296.6615610304425, -37.400103861371306, 11.995885023986549, 0.0, 5.711187026617571, -7.636741001408406, 0.1982180361176202, 0.9569369755096618, 0.0, 0.0, 8.364610791538066, 0.2164296611537493, 0.0, 15.77535044242287, -11.728755446725236, 0.0, 13.947333006325161, 0.0, -20.75520394724978, 1.302461532440869, 0.0, 0.4700885324224482, 0.005708801800657842, 0.0, 0.0, 1.4239157718009106, 4.3282489529811485, 6.50601520506359, 0.0, 1.1629948291410392, 0.0, 9.712991922363289, 0.0, 3.138243106576586, 0.0, 2.0086689453249558, 0.0, 0.9835975034558108, 0.7236533414717349, 1.0230647734116838, 0.11988945489068606, 3.6126505159954077, 13.066365310536499, 0.0, 0.0, 8.438430651105119, 0.0, 15.523852980765756, 0.0, 21.204961047191468, 0.0, 5.069175128566341], [-115.7387132036332, 0.0, 30.762105263659137, 16.371105806051084, 43.876646208044704, -115.7387132036332, 7.703057377791681, 0.0, 4.914483792167209, 13.241577219609303, 43.876646208044704, 0.0, -115.7387132036332, 0.0, 18.144564093700257, 12.61754116995889, 0.0, 43.876646208044704, 0.0, 0.0, 0.0, 0.0, 0.0, 16.616474345250186, 4.867589830092328, 4.466723678717282, 118.30704598765467, 0.0, -513.8720696758138, 0.0, 0.0, 119.74700420952708, 0.0, 0.0, 355.0769445166393, 0.0, -37.57018938595339, 0.0, 0.0, 19.48941171901033, 0.0, 6.008572472867604, -933.9205348722028, 0.0, 205.0231069662625, 0.0, 40.598770426301826, 139.27481846337818, 371.8505155571156, -44.22564179291015, 0.0, 12.579665391116015, 6.136377369420095, -11.327050916416848, 0.5402907747982385, 0.0, 2.1490979702514035, 0.7846706161830743, 0.0, 0.16570990337696762, 0.11623724509812107, 0.0, -5.0212343829627715, 10.350054217116583, 0.0, -5.026440120441161, -47.00835639321966, 0.0, 7.03296932162868, 1.3105352279071136, 0.0, 1.862521524762416, -4.5895710270807495, 1.2954259887022972, 2.8739251348383066, 0.0, 7.9743528937582075, 0.0, 0.37342118928419055, 0.0, 9.732402718502037, 0.0, 4.639178270567532, 0.0, 1.7722424816301483, 1.5681095540410757, 0.8545024739560986, 2.306178021492222, 0.15294291503701823, 9.892649297280071, 0.0, 10.056803003713823, 2.687025130468891, 0.0, 7.905573385022143, 0.0, 17.494909436063327, 14.516734399502607, -8.326409812456157, 3.9890666514391433], [17.392355306413855, -403.67340605627106, 0.0, 256.3020822069157, 0.0, 0.0, 0.0, 0.0, 0.0, 0.0, 0.0, 17.392355306413855, 0.0, -403.67340605627106, 0.0, 0.0, 0.0, 0.0, 0.0, -136.43955073936218, 0.0, 0.0, 65.0261802629378, -72.70519387267744, 0.0, 0.0, 0.0, 45.06141877521525, 0.0, 0.0, -1499.215515868802, 0.0, 0.0, 1287.6730507535187, 0.0, 0.0, 5.0849269099842145, -211.88541621780095, 140.1004288817947, 0.0, 0.0, 0.0, 133.01440135643583, -3157.828509335513, 0.0, 0.0, 0.0, 2110.7988296088297, 0.0, 6.246792680923425, -128.6384451142828, 0.0, 85.17853852256268, 0.299222568139516, 0.0, 9.385987346887868, 0.0, 0.0, -119.97949107584053, 0.0, 0.0, 70.64916700451786, 0.0, 0.0, 0.0, 0.0, 1.302461532440869, -22.940922522679465, 0.0, 0.0, 0.0, 0.0, 0.0, 29.22328200912955, 45.546624016269, 0.0, 0.0, 0.0, 0.0, 55.23626628830278, 0.0, -92.86435127410604, 0.0, 0.0, 0.0, 0.0, 11.677903124132, 0.0, 2.0046628142472627, 22.81085972064627, 44.888603129078014, 0.0, 0.0, -113.67008203006426, 0.0, -300.98072067154254, 0.0, 192.64987149182406, 0.0, -62.260312603299795], [18.144564093700257, 0.0, -252.84515502023422, 162.36329500740268, 0.0, 18.144564093700257, 0.0, 0.0, 0.0, 162.36329500740268, 0.0, 0.0, 18.144564093700257, 0.0, -252.84515502023422, 0.0, 0.0, 0.0, 0.0, 0.0, 0.0, 0.0, 0.0, -140.47045640039218, 0.0, 0.0, 0.0, 0.0, 69.80470235817029, 0.0, 0.0, -1348.9611450870586, 0.0, 0.0, 1176.9546663285562, 0.0, 6.028414485611619, 0.0, 0.0, 88.45647183639065, 0.0, 0.0, 144.82333677571106, 0.0, -2055.879257396233, 0.0, 0.0, 1397.6161423818128, 0.0, 7.634937311512573, 0.0, -103.9048131359297, 70.93834522824164, 1.649022571299148, 0.0, 0.0, 19.317541754628813, -11.948326887575796, 0.0, 0.0, 0.0, 0.0, 0.0, -118.24358837206512, 0.0, 0.0, 7.03296932162868, 0.0, -64.21132064556146, 0.0, 0.0, 0.0, 0.0, 27.355853556822353, 27.644678992659397, 0.0, 0.0, 0.0, 0.0, 0.0, 36.250847549472894, 0.0, -80.65160513247753, 0.0, 0.0, 0.0, 10.227180091313999, 0.0, 2.0287740414586084, 27.661340836344202, 0.0, 26.51761754420632, 0.0, 0.0, -88.82541005399483, 0.0, -181.95353063906572, 118.94778736435457, 2.92409576459006, -49.28071178350477], [12.61754116995889, 0.0, -178.09360059199585, 73.9218228379503, 42.76240310499901, 12.61754116995889, -114.78448226083471, 0.0, -63.30911833116119, 0.0, 42.76240310499901, 0.0, 12.61754116995889, 0.0, 0.0, -178.09360059199585, 0.0, 42.76240310499901, 0.0, 0.0, 0.0, 0.0, 0.0, -129.12396631039226, -113.51775263182434, -59.93204512715929, 113.14125664907995, 0.0, 49.94230185135676, 0.0, 0.0, -962.2046577826412, 0.0, 0.0, 849.2755336708886, 0.0, 4.181705386743575, 0.0, 0.0, 63.636968405116015, 0.0, -93.30062073401378, 100.79854061685317, 0.0, -926.516079088578, 0.0, -519.080730122944, 638.0979734826909, 366.6459712064924, 2.429949373160893, 0.0, -75.01931882068669, 31.46561000151425, 1.3447811434555819, -9.284358152828439, 0.0, 7.72320857492378, 0.0, 0.0, -2.645488863691387, 4.089361523543695, 0.0, 3.4538952269167553, -56.44436884940492, 0.0, 2.8625762284848677, 1.3105352279071136, 0.0, 0.0, -8.067252471916893, 0.0, 19.365793235597916, 0.5317862642129093, 9.950621694979207, 12.812718705777913, 0.0, 7.310522362726067, 0.0, 12.192150633189607, 0.0, 8.505351575696839, 0.0, 0.0, 0.0, -37.924383540011114, -20.987339640723796, 4.494936764732248, 2.983830821146123, 0.0, 21.63937764561602, 0.0, 16.30260448592245, -42.707294647135654, 0.0, -26.254929451159956, 0.0, -37.769795667976744, 56.746862028746285, 1.0649708868490826, -17.139257601252968], [37.239150370487785, 116.07497645455133, 0.0, 0.0, -336.3455026038911, 0.0, 0.0, 116.07497645455133, 0.0, 0.0, -336.3455026038911, 37.239150370487785, 0.0, 0.0, 0.0, 0.0, -336.3455026038911, 0.0, 1.0331810962099812, 0.0, 0.0, 25.938238099591057, 0.0, 0.0, 0.0, 0.0, -365.3412467607793, 0.0, 0.0, 131.76400178605675, 0.0, 0.0, 612.9040798622199, 0.0, 0.0, -1012.805519716088, 12.976387511636233, 73.6042298959268, -193.24856251001526, 0.0, 0.0, 0.0, 296.6615610304425, 0.0, 0.0, 962.1919013808822, 0.0, 0.0, -2571.966932732497, 13.692780571619826, 56.189510170552005, 0.0, 0.0, 4.07480977553209, 0.0, 0.0, 0.0, 0.0, 0.0, 8.346260147347415, 0.0, -71.04340741462018, 0.0, 0.0, -178.21165973024756, 0.0, 10.18205760001165, 0.0, 0.0, 5.694196933519358, 0.0, 0.0, 0.0, 0.0, 0.0, -51.32175562260213, 0.0, 0.0, 0.0, -49.40016490234002, 0.0, 0.0, 0.0, 0.0, 0.0, 35.97491624253734, 0.0, -6.965835953228367, 0.0, -15.7805491726455, 70.07478679386769, 0.0, 0.0, 39.69278381419967, 0.0, 67.2215048578562, 0.0, 0.0, 0.0, 0.0], [43.876646208044704, 0.0, 42.76240310499901, 0.0, -150.17886878572332, 43.876646208044704, 0.0, 0.0, 42.76240310499901, 0.0, -150.17886878572332, 0.0, 43.876646208044704, 0.0, 0.0, 42.76240310499901, 0.0, -150.17886878572332, 0.0, 0.0, 0.0, 0.0, 0.0, 0.0, 0.0, 50.51789433778218, -342.0571859855552, 0.0, 251.21628173354748, 0.0, 0.0, 289.6963542341397, 0.0, 0.0, -679.2979957179251, 0.0, 13.962215187542464, 0.0, 0.0, -71.47293447369042, 0.0, 0.0, 371.85051555711556, 0.0, 0.0, 0.0, 366.6459712064924, 0.0, -1214.7574265272162, 19.416587683577433, 0.0, 20.42620299689573, 0.0, 4.531235364383937, 0.0, 0.0, 0.0, 0.0, 0.0, 1.865668412875892, 0.0, 0.0, 0.0, 0.0, 0.0, 0.0, 23.63411425493802, 0.0, 0.0, 6.036193270241982, 0.0, 0.0, 2.4825730668935297, 0.0, 0.0, 0.0, -23.90260665493427, 0.0, 0.0, 0.0, -22.79487026468293, 0.0, 0.0, 0.0, 0.0, 17.309973658553034, 0.0, -5.896884810577133, 0.0, -16.17229400664519, 0.0, 34.41691398612687, 0.0, 0.0, 19.141646006519895, 0.0, 25.64729815539451, 0.0, 0.0, 0.0], [-1.987011367491939, 0.18056671194453094, 0.0, 0.0, 1.0331810962099812, 0.0, 0.0, 0.18056671194453094, 0.0, 0.0, 1.0331810962099812, -1.987011367491939, 0.0, 0.0, 0.0, 0.0, 1.0331810962099812, 0.0, -1.987011367491939, 0.0, 0.0, 0.18056671194453094, 0.0, 0.0, 0.0, 0.0, 0.023634009681766217, 0.0, 0.0, -3.4398265769239647, 0.0, 0.0, 0.3910184231869184, 0.0, 0.0, 2.2493813595787127, -0.5506757186234017, 0.07040685567947864, 0.2591042611206483, 0.0, 0.0, 0.0, -14.442359917433071, 0.0, 0.0, 1.360189126769272, 0.0, 0.0, 7.79301286321114, -0.39141398935251487, 0.07672735762880187, 0.0, 0.0, 0.0, 0.0, 0.0, 0.0, 0.0, 0.0, 0.02528915343261753, 0.0, 0.43748558687422373, 0.0, 0.0, 0.5097101683179216, 0.0, 0.0, 0.0, 0.0, 0.0, 0.0, 0.0, 0.0, 0.0, 0.0, 0.1637097020856865, 0.0, 0.0, 0.0, 0.16236221959131583, 0.0, 0.0, 0.0, 0.0, 0.0, 0.03005380933829908, 0.0, 0.007812563145515462, 0.0, 0.016055155603479886, 0.22871776528633342, 0.0, 0.0, 0.0459020564771252, 0.0, 0.0959090147766846, 0.0, 0.0, 0.0, 0.0], [6.3811904495592575, -136.43955073936218, 0.0, 65.0261802629378, 0.0, 0.0, 0.0, 0.0, 0.0, 0.0, 0.0, 6.3811904495592575, 0.0, -136.43955073936218, 0.0, 0.0, 0.0, 0.0, 0.0, -136.43955073936218, 0.0, 0.0, 65.0261802629378, -37.67116055018937, 0.0, 0.0, 0.0, 13.395267017965184, 0.0, 0.0, -382.3810219120652, 0.0, 0.0, 295.71913575223107, 0.0, 0.0, 1.5190744831927874, -62.08393869494613, 30.37289268959722, 0.0, 0.0, 0.0, 47.53732134426325, -1021.7306982328923, 0.0, 0.0, 0.0, 524.4559743284476, 0.0, 1.7444952131619338, -31.517622765300928, 0.0, 14.672841583867621, 0.0, 0.0, 0.0, 0.0, 0.0, -61.29030630076879, 0.0, 0.0, 27.618783098169377, 0.0, 0.0, 0.0, 0.0, 0.09767070180512123, -1.424956203754001, 0.0, 0.0, 0.0, 0.0, 0.0, 7.728866824132328, 11.093566265029844, 0.0, 0.0, 0.0, 0.0, 11.553525067823179, 0.0, -26.184340454521184, 0.0, 0.0, 0.0, 0.0, 2.4000807321467246, 0.0, 0.35696371151912015, 5.532996927517197, 20.092845843946666, 0.0, 0.0, -37.106982341015225, 0.0, -104.41011375013501, 0.0, 48.90961262989293, 0.0, -21.89558956839158], [4.831212405400221, -100.43853046850666, 0.0, 45.70906369290925, 0.0, 0.0, 0.0, 0.0, 0.0, 0.0, 0.0, 4.831212405400221, 0.0, 0.0, 0.0, 0.0, 0.0, 0.0, 0.0, 0.0, -100.43853046850666, 0.0, 0.0, -27.478931176522945, 0.0, 0.0, 0.0, 10.057007880742653, 0.0, 0.0, -253.99001072648684, 0.0, 0.0, 192.85341117432256, 0.0, 0.0, 1.2634963848171472, -47.24743733746831, 19.767016923779963, 0.0, -73.74201999931715, 0.0, 35.765629240110904, -740.9054809876145, 0.0, 0.0, 0.0, 365.6846384342798, 0.0, 0.0, -21.75900131626933, 0.0, 9.546724927354758, 0.0, 0.0, 0.0, 0.0, 0.0, -44.19236727530792, 0.0, 0.0, 19.054816774938203, 2.6215219694639744, 0.0, 0.0, 0.0, 0.0, 0.0, 0.0, 0.0, 0.17806281454680936, 0.0, 0.0, 8.356737710836608, 7.495639356743548, 0.0, 0.0, 8.889297880826483, 0.0, 0.0, 0.0, 0.0, 0.0, -16.972712460000505, 0.0, 0.0, 1.430124858526616, 0.0, 0.0, 2.9997484456827306, 14.260536020338812, 0.0, 0.0, -23.62614790405229, 0.0, 0.0, 0.0, 33.13786996435695, 0.0, -13.668017615426674], [0.18056671194453094, -34.44666510342902, 0.0, 0.0, 25.938238099591057, 0.0, 0.0, -34.44666510342902, 0.0, 0.0, 25.938238099591057, 0.18056671194453094, 0.0, 0.0, 0.0, 0.0, 25.938238099591057, 0.0, 0.18056671194453094, 0.0, 0.0, -34.44666510342902, 0.0, 0.0, 0.0, 0.0, 0.7955099850785071, 0.0, 0.0, 0.3910184231869184, 0.0, 0.0, -102.01232544780143, 0.0, 0.0, 91.2358906910167, 0.07040685567947864, -20.372070701595664, 15.182301716980135, 0.0, 0.0, 0.0, 1.3601891267692718, 0.0, 0.0, -266.3377023941729, 0.0, 0.0, 206.50252587360785, 0.07672735762880187, -13.424503205851861, 0.0, 0.0, 0.0, 0.0, 0.0, 0.0, 0.0, 0.0, -4.62550185286108, 0.0, 3.0199250260581385, 0.0, 0.0, 20.042189126074913, 0.0, 0.0, 0.0, 0.0, 0.0, 0.0, 0.0, 0.0, 0.0, 0.0, 4.334082955067545, 0.0, 0.0, 0.0, 5.006610200074696, 0.0, 0.0, 0.0, 0.0, 0.0, -6.852644560483703, 0.0, 0.6927368631514208, 0.0, 1.3850155940877868, 2.908384672394635, 0.0, 0.0, -9.560274753762961, 0.0, -15.966482533895531, 0.0, 0.0, 0.0, 0.0], [2.036276244477321, 65.0261802629378, 0.0, -81.71448810474082, 0.0, 0.0, 0.0, 0.0, 0.0, 0.0, 0.0, 2.036276244477321, 0.0, 65.0261802629378, 0.0, 0.0, 0.0, 0.0, 0.0, 65.0261802629378, 0.0, 0.0, -81.71448810474082, 33.48762354371774, 0.0, 0.0, 0.0, 5.295369486587101, 0.0, 0.0, 295.71913575223107, 0.0, 0.0, -320.58128910806096, 0.0, 0.0, 0.43587369612063787, 30.37289268959722, -36.86167976151848, 0.0, 0.0, 0.0, 15.61130343880404, 524.4559743284476, 0.0, 0.0, 0.0, -643.7751379920994, 0.0, 0.35971010826666683, 14.672841583867621, 0.0, -16.649781948411935, 0.0, 0.0, 0.0, 0.0, 0.0, 27.618783098169377, 0.0, 0.0, -39.99191805211785, 0.0, 0.0, 0.0, 0.0, 0.11609698886247649, 1.004894439912956, 0.0, 0.0, 0.0, 0.0, 0.0, -8.695762398589567, -13.449735353133304, 0.0, 0.0, 0.0, 0.0, -13.093951813524043, 0.0, 18.783620219135646, 0.0, 0.0, 0.0, 0.0, -2.454918694908358, 0.0, -0.3656585242697793, -5.738617504120594, 5.193034347699672, 0.0, 0.0, 21.552564814424066, 0.0, 48.90961262989293, 0.0, -64.27658541414293, 0.0, 9.442246729081564], [120.47388431727857, -144.5596629573111, -1461.19029239375, 1294.2040182426133, 0.0, 114.82196778130988, -683.8601227881873, 0.0, 0.0, 536.1210826598143, 0.0, 1.9078750060323753, 16.616474345250186, -72.70519387267744, -140.47045640039218, -129.12396631039226, 0.0, 0.0, 0.0, -37.67116055018937, -27.478931176522945, 0.0, 33.48762354371774, -16633.021437872652, -1033.61293458801, 0.0, 0.0, 11.917869732641714, 578.1819066767962, 0.0, -1210.7431670906597, -11477.067548093459, 0.0, 1179.5121190053287, 10610.784443494587, 0.0, 23.02258830467272, -89.81293568931987, 79.35974323741536, 448.5660953725165, -33.645111535986864, -511.3550769129397, 992.5097332788328, -1266.8033793928482, -12615.941737242709, 0.0, 0.0, 11518.547979192517, 0.0, 16.371216268736287, -50.33334389346696, -376.09938286734393, 359.49788957610895, 33.50272637525433, -194.63719455931624, 8.237767556951226, 272.7613731802262, -22.359154773931436, -7.974790780087932, 0.0, 16.676364809176437, 7.008586916509839, 7.755792580394945, -276.5803946355455, 0.0, 21.69643907445243, 21.720861000908776, -14.69086987891332, -225.65189021343835, 0.0, 2.5286227973357525, 203.46025867023005, 0.0, 166.58645676004537, 257.7741885713535, 0.0, 0.0, 6.458096163658054, 76.23590603203772, 9.43687863374159, 78.9672456028365, -58.395075473181464, -372.4443924203633, -21.69742313581722, -402.5903673344585, 0.0, 85.93174784268281, 0.0, 9.640757474996597, 354.3676148793333, 5.140600429649238, 73.10324037125706, -444.01842216788447, -85.78839541979839, -450.03225888094823, -80.42960615764319, -637.7735469610398, 1126.9917903147482, 15.194857727234778, -312.49690252539114], [50.27686184002434, 0.0, -728.3204513450398, 604.5456383251288, 0.0, 47.674496337914064, -644.2000962532751, 0.0, 0.0, 0.0, 0.0, 0.0, 4.867589830092328, 0.0, 0.0, -113.51775263182434, 0.0, 0.0, 0.0, 0.0, 0.0, 0.0, 0.0, -1033.61293458801, -1287.763266164597, 0.0, 0.0, 0.0, 290.717301247194, 0.0, 0.0, -7336.032766922743, 0.0, 0.0, 6931.678010312846, 0.0, 16.059822993678917, 0.0, 0.0, 273.49996329940717, 0.0, -565.4502878959751, 419.8949972718725, 0.0, -6462.619409723493, 0.0, 0.0, 5517.451395136716, 0.0, 0.0, 0.0, -265.04321587880173, 233.06750723150816, 3.897399862156877, -91.91733260634541, 0.0, 85.46804576975237, 0.0, 0.0, 0.0, 13.124039022629619, 0.0, 23.713154246329186, -332.410912088476, 0.0, 17.88105344887301, 0.0, 0.0, 0.0, 0.0, 0.0, 168.87049023969882, 0.0, 68.78643683499537, 116.51680556750789, 0.0, 0.0, 0.0, 102.11032401133534, 0.0, 0.0, 0.0, 0.0, 0.0, -402.6545379965195, 0.0, 58.34165918620843, 0.0, 0.0, 202.32662296919278, 0.0, 29.847973998121596, -313.974502257862, 0.0, 0.0, 0.0, 0.0, 478.7932790388838, 7.321790791335496, -122.89478140134271], [10.181457793405814, 0.0, -132.76568868179191, 0.0, 110.88873958600999, 10.080895693827145, 0.0, 0.0, -123.32317471313067, 0.0, 102.90195797710093, 0.0, 4.466723678717282, 0.0, 0.0, -59.93204512715929, 0.0, 50.51789433778218, 0.0, 0.0, 0.0, 0.0, 0.0, 0.0, 0.0, -213.51706624921735, 335.035737372973, 0.0, 76.83537242028892, 0.0, 0.0, -1191.8223988810037, 0.0, 0.0, 1092.4254949548974, 0.0, 2.525090891063712, 0.0, 0.0, 51.72919443807023, 0.0, 0.0, 88.04183615043642, 0.0, 0.0, 0.0, -1165.9132346877514, 0.0, 991.7886002786751, 4.399888326137337, 0.0, -55.203463495509475, 0.0, 2.255646622235851, 0.0, 0.0, 0.0, 0.0, 0.0, -3.2677956282619194, 0.0, 0.0, 0.0, 0.0, 0.0, 0.0, 2.5215453498978437, 0.0, 0.0, -18.33770188320402, 0.0, 0.0, 0.7925093283974355, 0.0, 0.0, 0.0, 20.827074823963848, 0.0, 0.0, 0.0, 27.16961943207664, 0.0, 0.0, 0.0, 0.0, -64.90143831739978, 0.0, 9.855800481847215, 0.0, 26.092799960797187, 0.0, 5.8073049886571555, 0.0, 0.0, -56.00324905041033, 0.0, -86.04972336364236, 0.0, 0.0, 0.0], [361.84639007857436, 307.7932060212008, 226.2102018582595, 0.0, -1447.813075850137, 263.1745519017191, 0.0, 304.32036796927576, 225.2462012076652, 0.0, -1440.2891833165206, 60.26091590396265, 118.30704598765467, 0.0, 0.0, 113.14125664907995, -365.3412467607793, -342.0571859855552, 0.023634009681766217, 0.0, 0.0, 0.7955099850785071, 0.0, 0.0, 0.0, 335.035737372973, -3795.788018502623, 0.0, 1709.503545375035, 442.11202529796986, 0.0, 1927.9600471906365, 2277.1634185391886, 0.0, -4160.174707946117, -3231.8386517775516, 111.63621292832048, 200.16400878435493, -435.01520880952523, -319.6311365246252, 0.0, 0.0, 3067.284251851888, 0.0, 0.0, 2654.2306211029677, 1984.3302660640572, 0.0, -11768.017996453706, 149.68281251910514, 147.45802765219864, 98.66394895869308, 0.0, 49.43254703188302, 0.0, 0.0, 0.0, 0.0, 0.0, 14.069207488111617, 0.0, -54.62031140140708, 0.0, 0.0, -378.838387286033, 0.0, 188.37955276945783, 0.0, 0.0, 69.91131289818375, 0.0, 0.0, 12.610969989903932, 0.0, 0.0, -113.4353944208616, -119.2607624798243, 0.0, 0.0, -119.97316175918077, -122.96712752091234, 0.0, 0.0, 0.0, 0.0, 234.1009553449371, 0.0, -74.11566712964027, 0.0, -173.050407521635, 131.68873639097856, 130.42640584378788, 0.0, 116.45196421610365, 99.662059591875, 205.07165296445646, 145.42545218715756, 0.0, 0.0, 0.0], [-224.61240060954793, 87.1223724266052, 0.0, 108.34989406777916, 0.0, 0.0, 0.0, 0.0, 0.0, 0.0, 0.0, -184.0387173339907, 0.0, 45.06141877521525, 0.0, 0.0, 0.0, 0.0, 0.0, 13.395267017965184, 10.057007880742653, 0.0, 5.295369486587101, 11.917869732641714, 0.0, 0.0, 0.0, -1009.2639252059635, 0.0, 0.0, 364.71490484651656, 0.0, 0.0, 600.6945443615106, 0.0, 0.0, -70.44948920956638, 27.084767393191132, 34.48321172523768, 0.0, 24.59348966539323, 0.0, -1824.9813857165896, 705.4199469944097, 0.0, 0.0, 0.0, 910.24112490428, 0.0, -49.314533178389915, 27.15573757085471, 0.0, 28.349987014843393, -9.005512055508765, 0.7401449066120034, 5.94566338307004, 0.0, 0.0, 19.48755094135369, 0.0, 0.0, 30.211056708349066, -28.927546392030152, 0.0, 0.0, 0.0, -47.500172835837795, 8.876236005852343, 0.0, 0.0, 0.23861527515210587, 0.0, 0.0, 6.860679352970128, 20.448422564830302, 0.0, 0.0, 5.008199676485169, 0.0, 19.406968744094055, 0.0, 14.919183127525312, 0.0, 7.497083457139613, 0.0, 0.0, 5.796274680422266, 0.0, 1.050001988619945, 12.756577829844948, 11.873057116980387, 0.0, 0.0, 24.89849506725982, 0.0, 39.33732226132442, 0.0, 93.38303587376753, 0.0, 15.687370205939288], [-2017.2521694877328, 0.0, 774.1029968727127, 558.1897332685012, 558.8485009271843, -1975.4977381250847, 254.91178388312366, 0.0, 55.78762224565643, 410.1190532156372, 555.7781572461448, 0.0, -513.8720696758138, 0.0, 69.80470235817029, 49.94230185135676, 0.0, 251.21628173354748, 0.0, 0.0, 0.0, 0.0, 0.0, 578.1819066767962, 290.717301247194, 76.83537242028892, 1709.503545375035, 0.0, -14552.748039042588, 0.0, 0.0, 4761.854024811024, 0.0, 0.0, 9533.068674661323, 0.0, -533.5213544917536, 0.0, 0.0, 281.4690111539659, 0.0, 199.96247113603528, -17389.495338666136, 0.0, 6053.722809334304, 0.0, 489.7219725237782, 5015.233773960981, 4896.697595802238, -627.2092082999048, 0.0, 269.5566658352378, 194.9285474020375, -259.97328859064066, 20.544134443665723, 0.0, 87.48379798861508, 14.31264558380528, 0.0, 1.1011052898965248, 1.1181574602004398, 0.0, -174.0558785641599, 285.4445335904827, 0.0, -184.84848674139198, -801.2716595117693, 0.0, 181.94114059830272, 14.438380459602948, 0.0, 85.5132642408047, -37.10310356175673, 33.50776539579566, 109.72096596480827, 0.0, 106.57187867968948, 0.0, 20.609281624973242, 0.0, 178.4700618678215, 0.0, 165.21536781159512, 0.0, 98.09493