"{\"x\": [-13.099556878266137, -16.222992690939467, -13.55363620879007, -20.42323076687345, -16.847539718725073, 1.0936486909056622, 0.5088192578850691, -1.561149947834141, -0.5674734119861947, -0.3459886580529644, -0.697445587802873, 0.47153574777825924, -0.3470719251854762, -0.2878356037230711, -0.5257101225860314, -0.1287880379543393, -0.20318811683149063, -0.3104778055322181, -1.2219686219444283, 1.7186296235428902, 2.172364557889258, 0.7033532603232673, -0.2913624438854538, -0.1181797075572777, -0.2438804299080537, 0.8778604731310597, -0.26807767675901195, -0.9677740363296056, -1.418470686672013, -0.9164431730938664, -0.7368582775300744, -1.2178912543787024, -0.5985004188158962, -0.787358915837285, -1.2560460616627118, -0.7163271047323582, -0.8623519266995713, 0.4327454796168822, 0.22568200348252568, 0.12375793673743307, -0.26293967181378625, -0.12625082570317692, 1.4018820337037738, 2.264946934810486, 2.1626820063688506, 2.2355340223697335, 1.7980332263592773, 2.762499509227847, 2.5230283173598314, 0.27608803506515456, 0.7893157212885307, 0.3394745966142074, 0.23033592557451005, 0.8601071619704893, 0.7151581092198561, 0.8744987461632655, 0.48462524640239607, -0.27998555741131764, -0.7594207947455833, -1.24252391920721, -0.5046705692598982, 0.3005652925671987, 0.6078089203506064, -0.38357699686762553, 0.1732752317101062, 1.5132376105084127, 0.7314624912747336, -1.317487844947696, -0.8276328966444371, -1.5777738852817649, 1.1507227559358142, 0.28362018818882767, -0.8284780164053384, 0.3027974088547009, -5.424289093575109, -6.028086548940307, -5.999840888442155, -2.663360418982616, -3.9098922948516526, -1.9932355185526403, -2.817522861391005, -3.832617083851947, -4.0891546634871485, -3.9685081813986645, -2.740700071544477, -5.375924342411602, -6.169648000530942, -3.6169585849270716, -4.606035161193717, -1.764846077757463, -4.535976885260498, -6.366608681274386, -3.2503727938720712, -1.6569991334919032, -2.3824491329931208, -0.3990165456326565, -0.1951337663860931, 0.491326130987388, -0.4120090628531415, 0.163812019526528, 1.2636539032371372], \"success\": true, \"status\": \"Algorithm optimized\", \"fun\": -35064.18957693199, \"jac\": [-0.0005037902322619914, 0.00044309318928270613, 0.00014122205470634697, -0.00034639442341144466, 0.0009311534035871816, -0.0001452916994695297, 9.932570628556903e-05, 0.00011292122694150919, 2.4551444628484465e-05, 0.00016215671343511318, 0.000633980511866028, -0.00035995112305275967, -1.3867134569328643e-05, 2.0246368853449326e-05, -4.941704851546547e-06, -2.4476930998051927e-05, 0.00024048236379614618, 5.725888020757797e-05, -1.0415184997003557e-05, 0.00021829535846240589, -0.00024984721223991757, 1.1406326765106556e-05, -0.00014964126352279283, 0.0010992020582829554, 8.13835880180136e-05, -4.995607171931482e-05, 0.0008961165073326782, -0.0005186807222070655, 0.00014121095522767746, 0.00015939879676629687, 0.002500317073739211, -0.0026259789649927257, 0.0023224500790739455, -0.0020857684524600018, 0.0036753884726081765, -0.0025783788290398846, -0.0002063571044352841, 0.000538347183223209, -0.00013324309391204991, 0.0002799831599133995, 5.304078825861536e-05, -9.732001845819127e-05, -0.003831975543647559, 0.003185654665891491, 0.0012056911445057494, 0.0012544987613640757, -0.00043958418313216896, -0.0030078971023961287, 0.0060401337403970246, -0.0002651906469615106, 0.0003631293626327192, 3.0754501743501805e-05, -0.00016700110334300078, -7.955482273258596e-05, 5.3455309775296556e-05, 6.547536387058184e-05, -3.1832312080481984e-05, 5.3288170811960356e-05, -0.0001308263059396353, 1.6196550836240775e-06, 7.708185044252858e-06, 0.00018334501067052145, 5.7475543366880544e-05, -8.984944947698636e-05, 0.0002644856936033779, 0.00011262737346817708, -0.00038338581536478955, 0.00011915018941, 0.00013582112122279, -6.570604165845317e-05, -7.495404402119155e-06, -0.00025718370101301957, -1.424283014203609e-05, 5.8509856359023615e-05, -6.965268123260149e-05, 1.994216904110946e-05, 7.787364480649206e-05, 8.15687718024316e-05, -4.959373912605258e-05, -0.0002119447996818402, 0.00020429505096242195, 0.00018954698392859015, -0.0001257699573889992, -4.175867403199973e-05, 5.346927064131535e-05, 0.00012082347760822287, 6.435605108490172e-06, -2.2071665411932395e-05, -1.3003843847558816e-06, 7.365529000047388e-07, 5.982295542383831e-05, -0.00028525270628954047, 8.507690809045343e-05, 0.000363067460265043, -0.0002208726401113914, 0.0002364026012979803, 0.0005220248432245, -0.0006087103988292597, 2.4544963266981412e-05, -0.0001555699385598075, -0.0005196145854178269], \"hess\": [[-1425.7723482593233, 88.58292106345871, 443.736023033847, 235.1897245530259, 365.7329253458763, -984.4573190569145, 153.44197117486112, 15.259773096085933, 25.816694285069996, 119.77761434894508, 356.6131788409541, -285.4641093813568, -241.80240991034438, 37.54017833713955, 39.8794860143383, 28.23848839880677, 83.38619726582246, 90.72613311976195, -7.900512320230409, 14.448323993542566, 9.248993851322835, 0.781503285980346, 3.582969468646611, 225.9243552761647, 105.02781478437221, 20.24225266122417, 779.3639451922376, -504.42626183003495, -4064.7493038904136, -660.1505137705232, 196.34362235680442, 1577.6012212867104, 55.76422839197942, 249.79204379934754, 2236.7579392731036, 531.5102902768457, -445.0207347654224, 29.643000432387637, 71.18184927190478, 110.36342216525472, 20.041574496677153, 131.4405510633067, -11189.833864289094, 553.1290204394081, 3279.3508980552356, 129.72648152646872, 211.84570995923357, 1966.0473076789096, 3003.443900894218, -398.3554348479164, 30.456766767151414, 146.52742927884944, 72.9656672865109, -141.93656086809403, 12.56050021464232, 3.080481574654978, 25.25224245152038, 12.466744771069404, 18.19444885914667, 1.2970216678478272, 0.5093626557241591, 41.14265100152159, -154.84456769085153, 202.62701081159898, 50.74647974995098, -66.87819812570258, -368.48473578499477, 4.51493868175996, 79.28781329719926, 5.506150732023702, 0.12206189023631268, 21.563069573792447, -21.007937509997834, 17.61561708578989, 41.62952864431472, 23.148477330868058, 38.99863827360465, 2.7531076602540416, 6.921393059752286, 34.97692189375035, 64.59814322049837, 8.770833693429408, 60.1646952885255, 4.447769877730454, 37.48549680408962, 10.898494412890388, 10.973920454108654, 14.574773890839777, 1.789047053609455, 70.70815239074501, 35.79963565627157, 65.42219466667136, 52.87285054316006, 23.182195758663546, 91.04676512869558, 42.86703839743693, 210.25714093560822, 206.3883749326073, -79.76669304385273, 61.02601023593077, -181.22838287245492], [88.58292106345871, -2435.7297018423324, 0.0, 1127.8657698756394, 527.3124052956974, 0.0, 0.0, -522.0198744333669, 0.0, 0.0, 406.5852503543118, 72.63582823362844, 0.0, -846.3386160877279, 0.0, 0.0, 245.9727078587743, 0.0, 0.781503285980346, -299.5318880711546, -183.15336435747028, -75.03522587401518, 139.8728823214173, -296.34687017846, 0.0, 0.0, 655.2098518739489, 196.3436223568044, 0.0, 55.764228391979415, -6492.79205581342, 0.0, -2673.801855740596, 5592.851248410622, 0.0, 2458.219943191784, 29.643000432387637, -1458.47109020695, 1026.8733460729973, 0.0, -372.25912060007636, 0.0, 682.8555019658769, -13793.39665541769, 0.0, -5302.781854854353, 0.0, 9280.250104578343, 4291.930210426939, 23.770587805349074, -780.2039869125217, 0.0, 353.9086027153973, 3.669160811789662, -8.91320598965705, 41.560661318694294, 0.0, 0.0, -450.0105888475661, -34.030786749638416, 0.0, 293.9596292888882, 14.728394719657464, 0.0, 378.4528150681632, 0.0, 6.395763855776179, -99.05925629273038, 0.0, -34.611290101645515, 5.175735646730054, 0.0, 0.0, 166.12577567750068, 193.43746622781094, 85.94971641348647, 0.0, 69.94788228854996, 0.0, 299.3979725885669, 0.0, -295.7244031709423, 0.0, -100.1147086887892, 0.0, -162.52709669215048, 47.99132999432125, 21.123627591828672, 6.531832225176159, 129.9179192726605, 233.41801748613108, 0.0, 0.0, -691.8930429732733, 0.0, -1337.5431129339502, 0.0, 821.1479352757365, 0.0, -277.7521339505641, -455.46314824879374], [443.736023033847, 0.0, -4769.9301294541265, 2520.093037448958, 211.35434764920615, 420.9026196685877, -1447.0743687009165, 0.0, -289.1935873574511, 1383.8202670407845, 189.90651849824738, 0.0, 68.11797441314505, 0.0, -508.165816477728, -358.09336443254426, 0.0, 74.9955723309479, 0.0, 0.0, 0.0, 0.0, 0.0, -2825.579359429623, -1415.0325339211083, -256.9085712974343, 444.07033338861703, 0.0, 1577.6012212867104, 0.0, 0.0, -21557.153067532014, 0.0, 0.0, 18008.623533908623, 0.0, 139.17722919050976, 0.0, 0.0, 1332.1606489260967, 0.0, -1412.165704614989, 3491.1966080144703, 0.0, -35192.99391554255, 0.0, -2550.8304968404864, 21402.83563533445, 1762.6542911724523, 99.15377540513305, 0.0, -1555.6377038122948, 906.5090321601252, 43.68091569947765, -139.80681208854267, 0.0, 274.15359187700517, -160.53443104592472, 0.0, -7.2111078799267485, 27.173400571717426, 0.0, 93.25513563204787, -2374.27199607718, 0.0, 42.0187156766545, 82.91313885520674, 0.0, -563.8809310537104, -22.821368084751533, 0.0, 205.82559101394372, 2.4832267785687123, 312.2512926985448, 430.74807091150717, 0.0, 35.11443984423508, 0.0, 172.0819061870733, 0.0, 367.85867437876885, 0.0, -740.9363433513399, 0.0, -480.4729320287464, -88.63071480658556, 135.1796948595401, 10.717391184462144, 16.577622554346846, 415.61406651756744, 0.0, 521.3233120321914, -569.962454686455, 0.0, -1011.4302963435915, 0.0, -2272.4008683987563, 1987.3741710063516, 49.196015786912135, -716.1915696883214, -785.0428657964645], [235.1897245530259, 1127.8657698756394, 2520.093037448958, -5018.177855601599, 0.0, 162.70619868055286, 826.4408409343084, 0.0, 0.0, -1813.0767019250877, 0.0, 52.734335734627955, 33.58476613104613, 530.4043520422571, 325.3370028039919, 156.14752330916517, 0.0, 0.0, 0.0, 139.8728823214173, 86.99978853751901, 0.0, -201.79737186778814, 2516.4571735518084, 1166.9921159410092, 0.0, 0.0, 249.79204379934757, 1069.4211089003004, 0.0, 5592.851248410622, 16798.025272333995, 0.0, -6796.730787986468, -18896.554737495087, 0.0, 65.62900879574624, 682.580136570239, -1056.3207844032183, -1560.3102588657223, 227.36223882642605, 785.8531253705899, 1966.0473076789096, 9280.250104578343, 21402.83563533445, 0.0, 0.0, -40951.923950906865, 0.0, 56.951543949691356, 353.9086027153973, 906.5090321601252, -1582.3754027093937, 28.332724026175363, 113.8485195453519, -56.932647324793024, -337.5593078323477, 59.86136388902354, 269.47120803531516, 0.0, -35.08888376153741, -510.5871799085864, 21.086394314695344, 1217.3020311447292, 0.0, 21.563069573792447, 82.6984046820217, 83.41606071103067, 409.8954588835357, 0.0, -8.510887599274529, -240.47247989241555, 0.0, -618.9952863926567, -823.6561204785994, 0.0, 0.0, -86.83125507878091, -200.13819962076195, -253.01143539099246, -387.1897516035838, 244.893850139532, 582.9307255370242, 79.49227979701585, 387.28664747286393, 0.0, -201.32579196526743, 0.0, -25.800833709565175, -524.1483018367605, 249.59626562572092, 259.92878001596574, 384.56318844800296, 349.0295775896148, 595.3413576378782, 588.2232243093458, 1208.380319457324, -3939.228013574779, 19.184126163283864, 588.6318926547887, 682.5033266269483], [365.7329253458763, 527.3124052956974, 211.35434764920615, 0.0, -2923.7919710513233, 224.5769429247294, 0.0, 406.5852503543118, 189.90651849824738, 0.0, -2537.782340538116, 83.38619726582246, 90.72613311976195, 0.0, 0.0, 74.9955723309479, -915.542345665248, -379.0008260853829, 4.315887190547483, 0.0, 0.0, 57.10864188429545, 0.0, 0.0, 0.0, 212.63086978726022, -3725.336551543779, 0.0, 1167.3368303728037, 531.5102902768457, 0.0, 1210.598261574626, 2458.219943191784, 0.0, -3512.009311052765, -4737.860232504418, 115.9162626414133, 344.2932095027584, -1141.7425751486446, -475.43039269041446, 0.0, 0.0, 3003.443900894217, 0.0, 0.0, 4291.930210426939, 1762.654291172452, 0.0, -22182.968294035763, 140.44801320231622, 204.41734921533066, 87.29431732175934, 0.0, 44.57772484684349, 0.0, 0.0, 0.0, 0.0, 0.0, 29.0594337811405, 0.0, -311.76323441879396, 0.0, 0.0, -1101.5316689071894, 0.0, 148.43445717886553, 0.0, 0.0, 47.11337300641239, 0.0, 0.0, 11.61175919718815, 0.0, 0.0, -265.0422634806372, -151.9430640799505, 0.0, 0.0, -259.35278153553975, -160.8452406036759, 0.0, 0.0, 0.0, 0.0, 216.68853541560583, 0.0, -55.396288157373604, 0.0, -125.80198731039397, 455.0927480127239, 284.77837120785296, 0.0, 171.00328791246892, 80.86161198701312, 347.89005402791827, 131.55833223229067, 0.0, 0.0, 0.0, -157.46515247869186], [-984.4573190569145, 0.0, 420.9026196685877, 162.70619868055286, 224.5769429247294, -984.4573190569145, 153.44197117486112, 0.0, 25.816694285069996, 119.77761434894508, 224.5769429247294, 0.0, -241.80240991034438, 0.0, 39.8794860143383, 28.23848839880677, 0.0, 90.72613311976195, 0.0, 0.0, 0.0, 0.0, 0.0, 214.47667772728354, 98.04237421438397, 20.050356042537594, 545.1427927534505, 0.0, -3962.278614380164, 0.0, 0.0, 1516.4296864362714, 0.0, 0.0, 2204.0869671954624, 0.0, -297.4394387402265, 0.0, 0.0, 107.97405148368105, 0.0, 119.74032491861884, -7812.7144699364635, 0.0, 3108.348824388181, 0.0, 208.36493535549621, 1385.7770869135047, 1872.7272888549817, -284.6852131906089, 0.0, 141.94619200013275, 56.06150801737439, -114.9502785625746, 11.972997903321652, 0.0, 24.725991342392682, 12.434158666243253, 0.0, 0.5598424005152165, 0.5029945734929077, 0.0, -112.3448109679588, 184.17746128214046, 0.0, -65.47650207930397, -287.58571266989765, 0.0, 78.83523574624432, 3.623293669222172, 0.0, 21.305037953759996, -20.71966708913699, 11.669773037666292, 29.0675520333107, 0.0, 38.5173344914986, 0.0, 6.315250171884677, 0.0, 63.71678174174544, 0.0, 58.553129388098355, 0.0, 35.138644810976594, 7.099159701404475, 8.534643570140796, 10.194942113760439, 1.4127810116471158, 56.05724000482452, 0.0, 63.09207834266436, 49.472204629262755, 0.0, 88.62326444251195, 0.0, 202.5601895308517, 145.14851261366738, -76.45468006732604, 47.09191304463775, -105.98424067730116], [153.44197117486112, 0.0, -1447.0743687009165, 826.4408409343084, 0.0, 153.44197117486112, -1447.0743687009165, 0.0, 0.0, 0.0, 0.0, 0.0, 19.40273214857219, 0.0, 0.0, -244.97379440038415, 0.0, 0.0, 0.0, 0.0, 0.0, 0.0, 0.0, -1255.171906518373, -1244.9766208389012, 0.0, 0.0, 0.0, 531.7243133015887, 0.0, 0.0, -7058.974962153506, 0.0, 0.0, 5984.608078962986, 0.0, 56.890124036527055, 0.0, 0.0, 444.88186726862085, 0.0, -1162.0132441392261, 1200.4556914141806, 0.0, -11489.122284678288, 0.0, 0.0, 7073.691372992052, 0.0, 0.0, 0.0, -472.96129238559155, 308.3856092995907, 11.972997903321652, -133.21953282279742, 0.0, 100.44510047271226, 0.0, 0.0, 0.0, 26.07521522069493, 0.0, 82.48969664897834, -736.4833931686342, 0.0, 41.032610962289716, 0.0, 0.0, 0.0, 0.0, 0.0, 199.9661867497079, 0.0, 102.25050427822269, 144.32770037455455, 0.0, 0.0, 0.0, 143.61204416461874, 0.0, 0.0, 0.0, 0.0, 0.0, -424.9560958703619, 0.0, 48.00248817163395, 0.0, 0.0, 153.4420788343403, 0.0, 144.07998001748217, -496.5450474840995, 0.0, 0.0, 0.0, 0.0, 652.6747051561019, 18.38841305228748, -240.34907825369064, -218.556588524078], [15.259773096085933, -522.0198744333669, 0.0, 0.0, 406.5852503543118, 0.0, 0.0, -522.0198744333669, 0.0, 0.0, 406.5852503543118, 10.30457351996911, 0.0, 0.0, 0.0, 0.0, 245.9727078587743, 0.0, 0.781503285980346, 0.0, 0.0, -75.03522587401518, 0.0, 0.0, 0.0, 0.0, 649.2940353169147, 0.0, 0.0, 53.436171432081196, 0.0, 0.0, -2258.3674204777512, 0.0, 0.0, 2069.492313675238, 6.0659106841827715, -330.023656092968, 259.4971023541864, 0.0, 0.0, 0.0, 120.68897844163715, 0.0, 0.0, -4183.701656703438, 0.0, 0.0, 3353.6573760865735, 7.813838524286354, -230.2509895762286, 0.0, 0.0, 2.057252830719782, 0.0, 0.0, 0.0, 0.0, 0.0, -33.83213587609289, 0.0, 24.328559368291593, 0.0, 0.0, 270.9743110956982, 0.0, 1.8716647271498317, 0.0, 0.0, -33.92655251494993, 0.0, 0.0, 0.0, 0.0, 0.0, 69.07878065025322, 0.0, 0.0, 0.0, 87.29836625945696, 0.0, 0.0, 0.0, 0.0, 0.0, -136.60951141856816, 0.0, 18.548987493773527, 0.0, 38.04701069742093, 35.95582924942577, 0.0, 0.0, -169.30442414366726, 0.0, -332.2065528687227, 0.0, 0.0, 0.0, 0.0, -89.3369906341711], [25.816694285069996, 0.0, -289.1935873574511, 0.0, 189.90651849824738, 25.816694285069996, 0.0, 0.0, -289.1935873574511, 0.0, 189.90651849824738, 0.0, 8.835756250234573, 0.0, 0.0, -113.11957003216018, 0.0, 74.9955723309479, 0.0, 0.0, 0.0, 0.0, 0.0, 0.0, 0.0, -242.45269032080017, 442.48073049940353, 0.0, 110.3915611742421, 0.0, 0.0, -1359.0314276038748, 0.0, 0.0, 1140.4407980647577, 0.0, 7.259328246689876, 0.0, 0.0, 92.5935349976222, 0.0, 0.0, 208.36493535549621, 0.0, 0.0, 0.0, -2327.645961294337, 0.0, 1595.8698615442456, 11.536346544958022, 0.0, -122.22478884831409, 0.0, 4.739612689606619, 0.0, 0.0, 0.0, 0.0, 0.0, -7.178234401805237, 0.0, 0.0, 0.0, 0.0, 0.0, 0.0, 3.623293669222172, 0.0, 0.0, -22.71903510949253, 0.0, 0.0, 2.4543574289387826, 0.0, 0.0, 0.0, 31.935477174943543, 0.0, 0.0, 0.0, 41.78579314345789, 0.0, 0.0, 0.0, 0.0, -83.26917095392199, 0.0, 10.345320829010257, 0.0, 24.004607349450172, 0.0, 27.97657655833671, 0.0, 0.0, -104.8388362237514, 0.0, -177.4835519842329, 0.0, 0.0, 0.0, -53.421574055375004], [119.77761434894508, 0.0, 1383.8202670407845, -1813.0767019250877, 0.0, 119.77761434894508, 0.0, 0.0, 0.0, -1813.0767019250877, 0.0, 0.0, 26.753505119904442, 0.0, 325.3370028039919, 0.0, 0.0, 0.0, 0.0, 0.0, 0.0, 0.0, 0.0, 1127.256213409941, 0.0, 0.0, 0.0, 0.0, 776.1950100460357, 0.0, 0.0, 9340.917561011493, 0.0, 0.0, -10739.696203069565, 0.0, 29.203270647206597, 0.0, 0.0, -845.8494296298376, 0.0, 0.0, 1022.5279688103657, 0.0, 11795.441006044743, 0.0, 0.0, -15117.385164008549, 0.0, 42.92675080848323, 0.0, 524.0231287845962, -653.8815722833565, 20.387696593334876, 0.0, 0.0, -207.82948340824984, 58.796299582199964, 0.0, 0.0, 0.0, 0.0, 0.0, 594.0319627891492, 0.0, 0.0, 66.83620360738561, 0.0, 404.7512163749145, 0.0, 0.0, 0.0, 0.0, -227.06190012673943, -300.4081466749303, 0.0, 0.0, 0.0, 0.0, 0.0, -351.1541940430269, 0.0, 540.9609529340038, 0.0, 0.0, 0.0, -84.89842780240326, 0.0, -17.43170281166552, -238.73612672675048, 0.0, 156.75044416981595, 0.0, 0.0, 548.1815293945767, 0.0, 1075.8729518466325, -1430.8396118182018, 14.033953336331308, 227.8387104082596, 257.9076186161308], [356.6131788409541, 406.5852503543118, 189.90651849824738, 0.0, -2537.782340538116, 224.5769429247294, 0.0, 406.5852503543118, 189.90651849824738, 0.0, -2537.782340538116, 83.38619726582246, 90.72613311976195, 0.0, 0.0, 74.9955723309479, -915.542345665248, -379.0008260853829, 4.315887190547483, 0.0, 0.0, 57.10864188429545, 0.0, 0.0, 0.0, 200.12821286327676, -3710.014532201992, 0.0, 1158.6477505367193, 519.7690786757965, 0.0, 1140.4407980647577, 2069.4923136752377, 0.0, -3356.4252760414724, -4162.78138042699, 112.80749102067007, 259.4971023541864, -952.433806027208, -438.7736121304095, 0.0, 0.0, 2935.1846259346407, 0.0, 0.0, 3353.657376086573, 1595.8698615442456, 0.0, -19396.17615632687, 138.89763906757403, 182.64506658298055, 81.41088896882927, 0.0, 44.32782496561637, 0.0, 0.0, 0.0, 0.0, 0.0, 28.866816741514572, 0.0, -310.5150573457328, 0.0, 0.0, -840.3289296270945, 0.0, 148.10263454057218, 0.0, 0.0, 46.36686894591589, 0.0, 0.0, 11.447028255156557, 0.0, 0.0, -229.7034441374983, -140.7698846079577, 0.0, 0.0, -223.27367056891265, -150.42631772340604, 0.0, 0.0, 0.0, 0.0, 188.51530047888954, 0.0, -52.18457526028797, 0.0, -120.19141669175328, 409.0784976519392, 264.5348880839515, 0.0, 139.75970447163567, 74.63007740983474, 257.79682630831695, 115.41941756118214, 0.0, 0.0, 0.0, -107.92545411758648], [-285.4641093813568, 72.63582823362844, 0.0, 52.734335734627955, 83.38619726582246, 0.0, 0.0, 10.30457351996911, 0.0, 0.0, 83.38619726582246, -285.4641093813568, 0.0, 37.54017833713955, 0.0, 0.0, 83.38619726582246, 0.0, -7.900512320230409, 14.448323993542566, 9.248993851322835, 0.781503285980346, 3.582969468646611, 4.474383464961881, 0.0, 0.0, 137.25052723577085, -409.6293936118406, 0.0, -408.8036676602978, 167.15542605129585, 0.0, 35.77776180471273, 194.26805546148563, 0.0, 326.9768771904143, -87.95466528366568, 21.134057769139712, 44.09236384467433, 0.0, 19.226382305864284, 0.0, -2186.573347753822, 477.6177505546122, 0.0, 81.43679516951066, 0.0, 421.20747470905565, 670.6386702545321, -76.99798884970566, 25.13564977646143, 0.0, 12.293489729397567, -15.08256941233656, 0.3035730930405269, 2.0690324451445794, 0.0, 0.0, 17.89465119355911, 0.6248779393889463, 0.0, 37.86310225178202, -24.1476664598403, 0.0, 29.230694125823565, 0.0, -43.95000790560052, 2.5369191142295073, 0.0, 1.0343972811225393, 0.0331608243375115, 0.0, 0.0, 4.4472041127279915, 9.259114914406844, 14.163663169076186, 0.0, 2.6189275823153184, 0.0, 22.567039845644256, 0.0, 6.9634033408633345, 0.0, 4.293355297679588, 0.0, 2.3869082034005396, 1.8045668585075016, 2.629875383575929, 0.27537472921028744, 9.302659851514665, 25.817786505448165, 0.0, 0.0, 18.68780493119062, 0.0, 32.33259301344858, 0.0, 43.99059244336403, 0.0, 10.481699048827519, -48.998457505336454], [-241.80240991034438, 0.0, 68.11797441314505, 33.58476613104613, 90.72613311976195, -241.80240991034438, 19.40273214857219, 0.0, 8.835756250234573, 26.753505119904442, 90.72613311976195, 0.0, -241.80240991034438, 0.0, 39.8794860143383, 28.23848839880677, 0.0, 90.72613311976195, 0.0, 0.0, 0.0, 0.0, 0.0, 28.70137744692728, 13.068006881703544, 7.356047531444455, 236.59754150683176, 0.0, -1056.9830330588686, 0.0, 0.0, 267.9532302275835, 0.0, 0.0, 710.6582390622498, 0.0, -77.1319164405464, 0.0, 0.0, 39.422574674567194, 0.0, 15.035328356851007, -1947.620319490232, 0.0, 471.8047545458689, 0.0, 72.100460587201, 285.69135192841844, 764.1114610307081, -89.6133848081744, 0.0, 26.73792034961337, 12.644480029645193, -25.815537484886335, 1.5905002259595895, 0.0, 4.249019124738546, 1.6267854720503774, 0.0, 0.32160536478963503, 0.19129718959791644, 0.0, -13.17026530601584, 25.259282551371214, 0.0, -10.687468312153568, -91.58839536756135, 0.0, 14.43820793952157, 1.5403254104043056, 0.0, 3.687149255259955, -8.964447447539294, 3.1338020642203803, 5.8453589356127535, 0.0, 16.064877517242163, 0.0, 0.8689013089605417, 0.0, 20.36509463685285, 0.0, 10.303921145243464, 0.0, 4.673269105346921, 2.609167869111814, 1.69392004266477, 4.445214977575358, 0.29501845497801993, 19.186537761604058, 0.0, 20.143215316450664, 6.633641016740464, 0.0, 16.522690673108876, 0.0, 35.02199560827923, 28.83264189510516, -14.578377751832823, 7.715290446618114, -33.92928522803549], [37.54017833713955, -846.3386160877279, 0.0, 530.4043520422571, 0.0, 0.0, 0.0, 0.0, 0.0, 0.0, 0.0, 37.54017833713955, 0.0, -846.3386160877279, 0.0, 0.0, 0.0, 0.0, 0.0, -299.5318880711546, 0.0, 0.0, 139.8728823214173, -154.42343465057817, 0.0, 0.0, 0.0, 101.98562517904777, 0.0, 0.0, -3139.3415392982997, 0.0, 0.0, 2690.0007431130907, 0.0, 0.0, 10.446854217388964, -436.72125017480494, 288.1005966598705, 0.0, 0.0, 0.0, 287.98449645008054, -6610.14591982467, 0.0, 0.0, 0.0, 4373.137140632054, 0.0, 13.14329166873011, -279.48817742392424, 0.0, 187.14394568684926, 0.8478146024689162, 0.0, 18.138076823189465, 0.0, 0.0, -246.8234690328411, 0.0, 0.0, 145.47439832374488, 0.0, 0.0, 0.0, 0.0, 2.5369191142295073, -41.56167265717458, 0.0, 0.0, 0.0, 0.0, 0.0, 77.79351625417938, 92.97951760067193, 0.0, 0.0, 0.0, 0.0, 118.46843286293242, 0.0, -192.76395975134665, 0.0, 0.0, 0.0, 0.0, 23.951867971805274, 0.0, 4.158498497471271, 46.04744910591566, 94.00663583439025, 0.0, 0.0, -240.68306824804318, 0.0, -599.6588917674784, 0.0, 381.2043656812875, 0.0, -136.75665343977957, -161.03845797456603], [39.8794860143383, 0.0, -508.165816477728, 325.3370028039919, 0.0, 39.8794860143383, 0.0, 0.0, 0.0, 325.3370028039919, 0.0, 0.0, 39.8794860143383, 0.0, -508.165816477728, 0.0, 0.0, 0.0, 0.0, 0.0, 0.0, 0.0, 0.0, -267.1340870783944, 0.0, 0.0, 0.0, 0.0, 157.19373389082673, 0.0, 0.0, -2660.167510319491, 0.0, 0.0, 2302.1724305111184, 0.0, 12.665341475285816, 0.0, 0.0, 166.47337019043454, 0.0, 0.0, 318.6157225561829, 0.0, -4122.681647837874, 0.0, 0.0, 2791.074301399429, 0.0, 15.90497391640451, 0.0, -202.47035615587524, 136.9360902660304, 4.1262126333892395, 0.0, 0.0, 34.185535206261065, -25.22199728344376, 0.0, 0.0, 0.0, 0.0, 0.0, -242.7028644182641, 0.0, 0.0, 14.43820793952157, 0.0, -126.23687218810835, 0.0, 0.0, 0.0, 0.0, 54.964471902372225, 54.78218425391432, 0.0, 0.0, 0.0, 0.0, 0.0, 74.02055025915048, 0.0, -158.02805318171903, 0.0, 0.0, 0.0, 19.296660823918696, 0.0, 3.7815972364193233, 52.45028915631353, 0.0, 52.59407365708858, 0.0, 0.0, -176.15529392823572, 0.0, -356.31193071956227, 232.5500653309391, 5.113321334805774, -89.8789619363526, -80.20415055024544], [28.23848839880677, 0.0, -358.09336443254426, 156.14752330916517, 74.9955723309479, 28.23848839880677, -244.97379440038415, 0.0, -113.11957003216018, 0.0, 74.9955723309479, 0.0, 28.23848839880677, 0.0, 0.0, -358.09336443254426, 0.0, 74.9955723309479, 0.0, 0.0, 0.0, 0.0, 0.0, -216.83336957675536, -238.65825411262634, -102.02352142753757, 193.00069673785333, 0.0, 110.75949633675688, 0.0, 0.0, -1907.4206114549315, 0.0, 0.0, 1667.4822769301388, 0.0, 9.836306451700432, 0.0, 0.0, 127.78708809151597, 0.0, -197.172045806916, 225.28949257688694, 0.0, -1978.8598001303676, 0.0, -920.78708687055, 1345.859735835946, 638.9043140878545, 4.268571295726449, 0.0, -144.9672098674596, 65.71683074452943, 3.1004300819490345, -23.158796922486545, 0.0, 18.19734151079865, 0.0, 0.0, -4.044704856123326, 6.087665807287845, 0.0, 9.307962043929512, -116.43649836460108, 0.0, 6.442199318394691, 1.5403254104043056, 0.0, 0.0, -10.144314922535564, 0.0, 40.98780239092205, 1.0107186488723927, 22.966770805416054, 27.41272392433753, 0.0, 12.976348924768917, 0.0, 26.949343411790956, 0.0, 15.224980343144528, 0.0, 0.0, 0.0, -79.94357061719798, -35.603551957892265, 9.369649376563517, 4.800605857955429, 0.0, 42.65392783871905, 0.0, 33.43186947469321, -89.75728593965361, 0.0, -45.108167083075095, 0.0, -66.4017404188205, 120.6321718797835, 2.60196911181234, -42.273443511868635, -55.07312522301127], [83.38619726582246, 245.9727078587743, 0.0, 0.0, -915.542345665248, 0.0, 0.0, 245.9727078587743, 0.0, 0.0, -915.542345665248, 83.38619726582246, 0.0, 0.0, 0.0, 0.0, -915.542345665248, 0.0, 4.315887190547483, 0.0, 0.0, 57.10864188429545, 0.0, 0.0, 0.0, 0.0, -926.9442105268627, 0.0, 0.0, 326.9768771904143, 0.0, 0.0, 1267.7164701839597, 0.0, 0.0, -2489.157631418438, 28.99179968524546, 151.78522323847452, -517.9033487489453, 0.0, 0.0, 0.0, 670.6386702545323, 0.0, 0.0, 2030.9463092352316, 0.0, 0.0, -6927.267170229675, 29.411617333419404, 116.41225071958291, 0.0, 0.0, 7.870213594309881, 0.0, 0.0, 0.0, 0.0, 0.0, 20.260672045467334, 0.0, -237.6851660506661, 0.0, 0.0, -450.471787889478, 0.0, 23.12965962397914, 0.0, 0.0, 13.405810930623012, 0.0, 0.0, 0.0, 0.0, 0.0, -135.44515576832129, 0.0, 0.0, 0.0, -129.11080828324268, 0.0, 0.0, 0.0, 0.0, 0.0, 73.82502408668302, 0.0, -16.51810412500279, 0.0, -35.60911919268941, 233.32549067887237, 0.0, 0.0, 84.64321929797586, 0.0, 145.97932496257704, 0.0, 0.0, 0.0, 0.0, -80.07036230814542], [90.72613311976195, 0.0, 74.9955723309479, 0.0, -379.0008260853829, 90.72613311976195, 0.0, 0.0, 74.9955723309479, 0.0, -379.0008260853829, 0.0, 90.72613311976195, 0.0, 0.0, 74.9955723309479, 0.0, -379.0008260853829, 0.0, 0.0, 0.0, 0.0, 0.0, 0.0, 0.0, 85.38397899799068, -799.4284736261651, 0.0, 496.6741811050514, 0.0, 0.0, 489.147324138048, 0.0, 0.0, -1459.9601635598408, 0.0, 28.585045789843488, 0.0, 0.0, -175.81727338904548, 0.0, 0.0, 764.1114610307081, 0.0, 0.0, 0.0, 638.9043140878545, 0.0, -3008.2001038448475, 40.200469278209944, 0.0, 35.38307454996654, 0.0, 10.31433499749054, 0.0, 0.0, 0.0, 0.0, 0.0, 2.7803331860796803, 0.0, 0.0, 0.0, 0.0, 0.0, 0.0, 47.095683510251284, 0.0, 0.0, 7.579497411927836, 0.0, 0.0, 4.84327653488196, 0.0, 0.0, 0.0, -59.07791483619381, 0.0, 0.0, 0.0, -55.486143687771396, 0.0, 0.0, 0.0, 0.0, 29.097352481931992, 0.0, -11.405818669579217, 0.0, -32.149585473173936, 0.0, 117.65654106106305, 0.0, 0.0, 32.50142521715735, 0.0, 44.64634986151708, 0.0, 0.0, 0.0, -6.534454452204812], [-7.900512320230409, 0.781503285980346, 0.0, 0.0, 4.315887190547483, 0.0, 0.0, 0.781503285980346, 0.0, 0.0, 4.315887190547483, -7.900512320230409, 0.0, 0.0, 0.0, 0.0, 4.315887190547483, 0.0, -7.900512320230409, 0.0, 0.0, 0.781503285980346, 0.0, 0.0, 0.0, 0.0, 0.09174913184861519, 0.0, 0.0, -15.275385881322231, 0.0, 0.0, 1.8853141651305876, 0.0, 0.0, 10.352794267533714, -2.0211992025013337, 0.23712434638337657, 1.0814406163471482, 0.0, 0.0, 0.0, -58.159660246727356, 0.0, 0.0, 5.962689425521699, 0.0, 0.0, 32.91922079381548, -1.4381476496115486, 0.29081487749488255, 0.0, 0.0, 0.0, 0.0, 0.0, 0.0, 0.0, 0.0, 0.12846676074259616, 0.0, 2.0445824643988906, 0.0, 0.0, 1.865612709008412, 0.0, -0.06985395291923102, 0.0, 0.0, 0.00438157472227883, 0.0, 0.0, 0.0, 0.0, 0.0, 0.6889769627565718, 0.0, 0.0, 0.0, 0.7410131881837023, 0.0, 0.0, 0.0, 0.0, 0.0, 0.1333898524677172, 0.0, 0.0730005018891954, 0.0, 0.08638739813931626, 0.8400788340866713, 0.0, 0.0, 0.20143253638973618, 0.0, 0.4673229160252615, 0.0, 0.0, 0.0, 0.0, -1.9937942177233312], [14.448323993542566, -299.5318880711546, 0.0, 139.8728823214173, 0.0, 0.0, 0.0, 0.0, 0.0, 0.0, 0.0, 14.448323993542566, 0.0, -299.5318880711546, 0.0, 0.0, 0.0, 0.0, 0.0, -299.5318880711546, 0.0, 0.0, 139.8728823214173, -72.58440427933698, 0.0, 0.0, 0.0, 31.26613348496051, 0.0, 0.0, -802.0479233450791, 0.0, 0.0, 609.5847881481487, 0.0, 0.0, 3.468974479737046, -135.85010658113157, 67.95369062629922, 0.0, 0.0, 0.0, 107.82186424222807, -2234.6677328286305, 0.0, 0.0, 0.0, 1126.2955979812002, 0.0, 3.8523190420708646, -69.7897412902138, 0.0, 31.84908834921762, 0.0, 0.0, 0.0, 0.0, 0.0, -128.8657410757972, 0.0, 0.0, 58.27040068291971, 0.0, 0.0, 0.0, 0.0, 0.13734859567173507, -2.4601112451750904, 0.0, 0.0, 0.0, 0.0, 0.0, 21.26701096924107, 23.559588447360184, 0.0, 0.0, 0.0, 0.0, 26.61118590683862, 0.0, -54.90498644359312, 0.0, 0.0, 0.0, 0.0, 4.7013078613886625, 0.0, 0.8344609523435809, 10.428020441606366, 44.42481339407823, 0.0, 0.0, -80.56894068384705, 0.0, -223.12579680062916, 0.0, 103.50475278216052, 0.0, -46.16623761647658, -64.0219791767881], [9.248993851322835, -183.15336435747028, 0.0, 86.99978853751901, 0.0, 0.0, 0.0, 0.0, 0.0, 0.0, 0.0, 9.248993851322835, 0.0, 0.0, 0.0, 0.0, 0.0, 0.0, 0.0, 0.0, -183.15336435747028, 0.0, 0.0, -46.46912299034449, 0.0, 0.0, 0.0, 19.9146031507415, 0.0, 0.0, -481.25283923285787, 0.0, 0.0, 373.1650433103668, 0.0, 0.0, 2.2716441643312364, -83.21718223476287, 38.857452209230324, 0.0, -131.73413543471534, 0.0, 68.6624222322109, -1358.1068769176036, 0.0, 0.0, 0.0, 699.3540185296046, 0.0, 0.0, -34.84095391172873, 0.0, 16.169070100942612, 0.0, 0.0, 0.0, 0.0, 0.0, -84.87568630156149, 0.0, 0.0, 39.08933349532636, 4.89216222718217, 0.0, 0.0, 0.0, 0.0, 0.0, 0.0, 0.0, 0.17452939262102432, 0.0, 0.0, 13.363821520280801, 13.750287457914782, 0.0, 0.0, 17.59324573148909, 0.0, 0.0, 0.0, 0.0, 0.0, -31.2405980953409, 0.0, 0.0, 2.58048507802603, 0.0, 0.0, 5.377713674860413, 24.69716204905656, 0.0, 0.0, -43.784417977600796, 0.0, 0.0, 0.0, 66.70987435605286, 0.0, -23.686821202162896, -38.40972935235643], [0.781503285980346, -75.03522587401518, 0.0, 0.0, 57.10864188429545, 0.0, 0.0, -75.03522587401518, 0.0, 0.0, 57.10864188429545, 0.781503285980346, 0.0, 0.0, 0.0, 0.0, 57.10864188429545, 0.0, 0.781503285980346, 0.0, 0.0, -75.03522587401518, 0.0, 0.0, 0.0, 0.0, 1.3010319865441824, 0.0, 0.0, 1.8853141651305876, 0.0, 0.0, -226.61255527448722, 0.0, 0.0, 203.12648651994104, 0.23712434638337657, -39.66693113132926, 30.057405799669738, 0.0, 0.0, 0.0, 5.962689425521699, 0.0, 0.0, -581.5302179285866, 0.0, 0.0, 455.2050725382887, 0.29081487749488255, -26.87369322642987, 0.0, 0.0, 0.0, 0.0, 0.0, 0.0, 0.0, 0.0, -12.288970587525375, 0.0, 8.368576185179284, 0.0, 0.0, 42.65183388779662, 0.0, 0.00438157472227883, 0.0, 0.0, -0.1132089349425634, 0.0, 0.0, 0.0, 0.0, 0.0, 9.574282381292688, 0.0, 0.0, 0.0, 11.192509783737119, 0.0, 0.0, 0.0, 0.0, 0.0, -14.974261575387294, 0.0, 1.8693163696581272, 0.0, 2.810096329081781, 5.8699060986565605, 0.0, 0.0, -21.386358483239086, 0.0, -40.4685680083977, 0.0, 0.0, 0.0, 0.0, -15.231037557340445], [3.582969468646611, 139.8728823214173, 0.0, -201.79737186778814, 0.0, 0.0, 0.0, 0.0, 0.0, 0.0, 0.0, 3.582969468646611, 0.0, 139.8728823214173, 0.0, 0.0, 0.0, 0.0, 0.0, 139.8728823214173, 0.0, 0.0, -201.79737186778814, 59.69538821457599, 0.0, 0.0, 0.0, 9.882253194377753, 0.0, 0.0, 609.5847881481488, 0.0, 0.0, -705.1096526681257, 0.0, 0.0, 0.8653192853467139, 67.95369062629922, -95.67941983730366, 0.0, 0.0, 0.0, 27.620157751058628, 1126.2955979812002, 0.0, 0.0, 0.0, -1572.0919302745417, 0.0, 0.5108512378661828, 31.84908834921762, 0.0, -39.81244014302646, 0.0, 0.0, 0.0, 0.0, 0.0, 58.27040068291971, 0.0, 0.0, -97.8098954461651, 0.0, 0.0, 0.0, 0.0, 0.12192105074084496, 1.8955730225251346, 0.0, 0.0, 0.0, 0.0, 0.0, -26.879172294822443, -32.60496063238956, 0.0, 0.0, 0.0, 0.0, -33.03773904633472, 0.0, 38.40871504463624, 0.0, 0.0, 0.0, 0.0, -4.987922031566463, 0.0, -0.8807030847294917, -10.943096927498036, 22.688548297802285, 0.0, 0.0, 45.16635313477793, 0.0, 103.50475278216052, 0.0, -157.3886609214295, 0.0, 18.801219073340267, 67.35564965185625], [225.9243552761647, -296.34687017846, -2825.579359429623, 2516.4571735518084, 0.0, 214.47667772728354, -1255.171906518373, 0.0, 0.0, 1127.256213409941, 0.0, 4.474383464961881, 28.70137744692728, -154.42343465057817, -267.1340870783944, -216.83336957675536, 0.0, 0.0, 0.0, -72.58440427933698, -46.46912299034449, 0.0, 59.69538821457599, -32238.38846913659, -1909.4071462908396, 0.0, 0.0, 26.701776604616175, 1133.3928642364958, 0.0, -2314.5212502735244, -22506.77041221907, 0.0, 2238.586031202741, 20838.897276931537, 0.0, 49.97312589527263, -190.1350239200801, 162.7155601407281, 924.0103196715472, -64.925038288466, -925.3857557611325, 1871.8052713343423, -2559.7387088358864, -24443.322311158798, 0.0, 0.0, 22430.099482942394, 0.0, 28.988250404132206, -86.55071897572367, -707.1955817608264, 672.6076407816132, 55.468133497878924, -318.94131074083236, 16.2051884182445, 471.3005837922717, -39.33294836884819, -24.440447093004245, 0.0, 25.878375758756913, 20.78697912368147, 14.820560029159086, -537.0529374879877, 0.0, 48.24610788428044, 42.4488997490818, -25.673600766588486, -487.2694209389068, 0.0, 2.5695378543917844, 390.0316257246768, 0.0, 353.77050914365714, 502.702585673504, 0.0, 0.0, 12.191069745302434, 147.4649622326218, 25.85136309761694, 160.94552242437723, -113.42106255964387, -778.1751846065551, -38.111629280381926, -734.6688583946224, 0.0, 165.80492502682225, 0.0, 20.5335670441408, 685.8189415002599, 13.026102014184273, 135.74757224656167, -808.451679702002, -175.5318022303099, -916.3585482180328, -142.3326242929973, -1300.0928031780325, 2158.646909911271, 30.87291998166182, -611.6864765205476, -270.1748269099667], [105.02781478437221, 0.0, -1415.0325339211083, 1166.9921159410092, 0.0, 98.04237421438397, -1244.9766208389012, 0.0, 0.0, 0.0, 0.0, 0.0, 13.068006881703544, 0.0, 0.0, -238.65825411262634, 0.0, 0.0, 0.0, 0.0, 0.0, 0.0, 0.0, -1909.4071462908396, -2456.6444844667576, 0.0, 0.0, 0.0, 617.5019806902618, 0.0, 0.0, -14004.045104333432, 0.0, 0.0, 13155.482575719512, 0.0, 34.50287076301525, 0.0, 0.0, 552.9816973116626, 0.0, -1097.6933934833205, 880.4770835188881, 0.0, -12527.668375172836, 0.0, 0.0, 10620.638111336883, 0.0, 0.0, 0.0, -517.8886132417183, 451.4370924069449, 9.191661878147528, -183.38096868410005, 0.0, 168.4147388530329, 0.0, 0.0, 0.0, 22.462991967887675, 0.0, 49.25375268278356, -636.4956670719846, 0.0, 36.6740780225757, 0.0, 0.0, 0.0, 0.0, 0.0, 328.3137647840824, 0.0, 135.67569878473233, 225.51674079083762, 0.0, 0.0, 0.0, 202.5370866296449, 0.0, 0.0, 0.0, 0.0, 0.0, -765.075845845681, 0.0, 108.84999076931373, 0.0, 0.0, 381.3608065263569, 0.0, 60.11308171791129, -608.5963903010046, 0.0, 0.0, 0.0, 0.0, 930.3700772852196, 12.623824353191713, -238.97725546305145, -106.17904675925949], [20.24225266122417, 0.0, -256.9085712974343, 0.0, 212.63086978726022, 20.050356042537594, 0.0, 0.0, -242.45269032080017, 0.0, 200.12821286327676, 0.0, 7.356047531444455, 0.0, 0.0, -102.02352142753757, 0.0, 85.38397899799068, 0.0, 0.0, 0.0, 0.0, 0.0, 0.0, 0.0, -394.97157295843556, 622.131093171141, 0.0, 139.09853378994146, 0.0, 0.0, -2207.9331875432335, 0.0, 0.0, 2021.1259973006229, 0.0, 5.081639228599635, 0.0, 0.0, 95.63966387217158, 0.0, 0.0, 173.593249284981, 0.0, 0.0, 0.0, -2246.5358018361408, 0.0, 1895.5944976695525, 8.93763750162169, 0.0, -110.47957685547223, 0.0, 4.5777871387928775, 0.0, 0.0, 0.0, 0.0, 0.0, -4.6302603290339235, 0.0, 0.0, 0.0, 0.0, 0.0, 0.0, 3.6367390412112224, 0.0, 0.0, -28.93159508653018, 0.0, 0.0, 1.7001888442942648, 0.0, 0.0, 0.0, 39.55167304103717, 0.0, 0.0, 0.0, 52.81789383596291, 0.0, 0.0, 0.0, 0.0, -121.18567319548173, 0.0, 18.386863680791258, 0.0, 49.71566071175059, 0.0, 12.174565883009128, 0.0, 0.0, -105.41103883884257, 0.0, -161.8441689051103, 0.0, 0.0, 0.0, -24.860251466843447], [779.3639451922376, 655.2098518739489, 444.07033338861703, 0.0, -3725.336551543779, 545.1427927534505, 0.0, 649.2940353169147, 442.48073049940353, 0.0, -3710.014532201992, 137.25052723577085, 236.59754150683176, 0.0, 0.0, 193.00069673785333, -926.9442105268627, -799.4284736261651, 0.09174913184861519, 0.0, 0.0, 1.3010319865441824, 0.0, 0.0, 0.0, 622.131093171141, -9156.820731283666, 0.0, 3478.1417820677643, 1245.1288772299895, 0.0, 3570.182348601727, 4852.0787619800485, 0.0, -8957.676498470946, -7823.070554094625, 232.69214344533697, 418.3909160625885, -1153.3238921094264, -801.104131325395, 0.0, 0.0, 6625.793054636037, 0.0, 0.0, 5645.394050830451, 3869.9473191111247, 0.0, -29805.81820181448, 322.3908123489687, 312.30112371939674, 200.19544030784215, 0.0, 111.99762076619, 0.0, 0.0, 0.0, 0.0, 0.0, 31.079054604354134, 0.0, -191.81713201183538, 0.0, 0.0, -961.5759657730866, 0.0, 397.2506228240125, 0.0, 0.0, 138.63498774161351, 0.0, 0.0, 24.634576477498726, 0.0, 0.0, -290.61854319010854, -284.7646133970781, 0.0, 0.0, -298.7464167412559, -301.67218066262535, 0.0, 0.0, 0.0, 0.0, 466.3440924386577, 0.0, -166.09673837031673, 0.0, -377.83703346487164, 444.423272496346, 474.2668568677946, 0.0, 252.26116568864833, 189.35122426321522, 438.65677153156093, 278.30216519941655, 0.0, 0.0, 0.0, -400.1164858498231], [-504.42626183003495, 196.3436223568044, 0.0, 249.79204379934757, 0.0, 0.0, 0.0, 0.0, 0.0, 0.0, 0.0, -409.6293936118406, 0.0, 101.98562517904777, 0.0, 0.0, 0.0, 0.0, 0.0, 31.26613348496051, 19.9146031507415, 0.0, 9.882253194377753, 26.701776604616175, 0.0, 0.0, 0.0, -2450.8915860388033, 0.0, 0.0, 875.1863369216726, 0.0, 0.0, 1486.0784728797607, 0.0, 0.0, -154.97391160509517, 59.490297189237936, 77.827190550613, 0.0, 52.017770168207555, 0.0, -4135.937454662602, 1601.2108111055638, 0.0, 0.0, 0.0, 2115.2009004950687, 0.0, -111.90173335221792, 61.17220654405331, 0.0, 65.21712127847277, -21.373753399730283, 1.1915085545719324, 14.150219121669295, 0.0, 0.0, 44.54186260969972, 0.0, 0.0, 71.0039163405322, -62.92605895119294, 0.0, 0.0, 0.0, -106.80090964573307, 20.228135381679948, 0.0, 0.0, 0.3842109284003746, 0.0, 0.0, 22.55904337115566, 47.2270300343608, 0.0, 0.0, 11.17380721890865, 0.0, 46.48024847861836, 0.0, 35.74496120636794, 0.0, 16.613639939591806, 0.0, 0.0, 15.08795829826241, 0.0, 2.532740216001684, 32.14386772079906, 24.10520442223335, 0.0, 0.0, 57.217224693323544, 0.0, 85.45558896304135, 0.0, 207.8228390593392, 0.0, 33.45705910505241, -46.871639966688825], [-4064.7493038904136, 0.0, 1577.6012212867104, 1069.4211089003004, 1167.3368303728037, -3962.278614380164, 531.7243133015887, 0.0, 110.3915611742421, 776.1950100460357, 1158.6477505367193, 0.0, -1056.9830330588686, 0.0, 157.19373389082673, 110.75949633675688, 0.0, 496.6741811050514, 0.0, 0.0, 0.0, 0.0, 0.0, 1133.3928642364958, 617.5019806902618, 139.09853378994146, 3478.1417820677643, 0.0, -29101.297815488095, 0.0, 0.0, 9867.716399101988, 0.0, 0.0, 18705.854079668272, 0.0, -1069.0933741161682, 0.0, 0.0, 557.8889250239766, 0.0, 420.85108080610337, -35040.53919618325, 0.0, 12413.905436299588, 0.0, 961.6228916904092, 9602.983047628