"{\"x\": [-4.918193375189727, -4.225889640920867, -3.157149696312031, 0.6226982296754808, 0.2611845961655198, -0.3835183820419769, 0.515673137463934, 0.8798710765538964, -0.12820440818827608, -0.10270028400757283, -0.23535662810911642, 0.3317456867253943, -0.18088659550533012, 0.4093251682226544, -0.37644518078719796, -0.16261808964617, 0.4976535263614013, 0.49226162692867215, 0.17587862165983284, 0.7282668160153608, 0.9522538326049418, 0.94494074658882, 0.7945621850032153, 1.0303842213371408, -0.2905025306824475, -0.797369163106047, 0.18572167543728346, 0.21432162539601, 0.938884658266258, 0.4034230348924543, 0.7009758999873313, -0.5227549007488349, 0.3811379434786615, 0.27009595246985146, 0.22719950385225596, 0.7531570864093053, -0.5592383948256476, 0.40082255649115295, -3.079746620062285, -4.318266422677414, -4.389626529391621, -1.746944384755663, -4.855090911497722, -4.060302755184979, -1.2472783323402616, -4.934196834147333, -2.716413810603817, 2.1853919491519607, -0.4936102042831827, 2.6610588462361746, -0.6204283894197331, -0.11738337934814963, -0.270026094822196, 0.06407343438613275], \"success\": true, \"status\": \"Algorithm optimized\", \"fun\": -18367.196108413547, \"jac\": [0.00100363748879706, -0.0009230722823616588, 0.0014704554775679668, -3.0283925871898987e-05, 7.451120389900812e-05, 7.131612806499099e-05, -0.0005361343145562358, 0.0004952153407176141, -0.00025716890727478514, 0.002716038905955287, 0.0001118534420843087, -7.775514181695975e-05, -0.0013139654631615372, 0.0014721670740580617, 0.0005361021698402357, -0.0007219102781803599, 0.00023982257591415035, -0.0005369078512504899, 0.00043083146343092515, 0.002736922332845282, -0.008908008968758208, 0.007085399380329704, 0.0003317167200762583, -0.0010425914486997812, 0.0008684918724126689, 0.0004145597437338333, -0.0007499408576734368, 0.0009082979853722861, 0.00021833428111639464, -0.00014320246320309593, -3.3312003454355477e-05, 0.0001249792771251812, 0.00020659263856059873, 0.00016166960959207444, 0.0009466531170749803, 1.2628411744208812e-05, -0.0002580005183658862, 0.0002956746315747605, 0.00024746410608078584, -0.0003952912861091562, 0.00020746739726940078, 0.00019233704378596173, 0.00014019098106764737, 3.0244231605174726e-05, 0.0001336502095059533, -0.00029408038904676914, -0.00031340307401173106, -0.0005928345413419578, 0.0005631964399146483, -0.0004400264221020578, 0.0004079585553938281, 0.00047142277696332613, 0.00018116321947070357, -0.0007922119409677908], \"hess\": [[-699.2217450900496, 277.7571497991637, 304.7241980537356, 21.619303080616586, 23.109522933245042, -35.20660214869578, 14.430089817210227, 14.571339778118034, 300.66637878054524, 611.3226992465735, -60.54385571159744, 22.278884330618652, 217.67278359411705, 261.2040400982811, -509.71446072151224, 208.16866807693532, -242.12085488658462, 100.32791377053994, 106.5079537703506, -2512.8580160421175, 988.2765200795982, 1372.3607416235811, -511.26227172722747, 235.25108641565163, 198.61848593138353, -218.9892203282467, 86.1731718622235, 95.54780575647973, -73.1037590187115, 29.74474871038285, 35.320653804005985, 19.93312505033368, 22.87556490043275, -281.9031758338569, 99.60603570166938, -214.16280417840605, 74.20743764539725, 121.21881859294143, -205.09597668910556, 66.80465732616634, 51.76249232818491, 55.432981038888926, 11.337064054813272, 2.33019112696272, 30.472873228600008, 40.132442629964046, 92.0006102435191, 159.08590351397396, 98.301764274854, 90.36117410052859, 32.72247055541741, -439.80135734329974, -100.2337895184668, 39.79707405777222], [277.7571497991637, -3760.211598341368, 2252.2709456928146, -648.7580389843072, 396.1324316562446, 14.430089817210227, -453.47488746035583, 298.79277144183027, -4112.287067539953, 3707.444521528771, 26.324608081971682, 289.9142279324324, -2835.37086814283, 1720.6686541184886, 208.16866807693532, -3004.5409174771034, 100.32791377053994, -1147.6100856582298, 736.207334646389, 988.2765200795981, -15582.926702745837, 13160.956829846837, 235.25108641565163, -2528.4036258292667, 1437.4844656792495, 86.1731718622235, -1950.1435516789993, 1187.3984082590528, 29.74474871038285, -264.39366126049066, 194.66589598088171, -460.32301922919993, 251.1906278384259, 125.39582236651148, 1120.0575431934342, 74.20743764539725, -560.3148225002492, 419.6493659928667, 79.39580907683565, -964.707422731999, 382.28534451303574, 476.05701193378655, 109.43800525835312, 21.229786884971354, 274.7648806801802, 386.1591222680484, -1169.1834393774293, -2068.8999487851843, 1237.6887119842766, -1209.7924953727668, 665.4959355912976, 249.44707761450255, 39.79707405777222, -630.3821580336148], [304.7241980537356, 2252.2709456928146, -3529.051739690381, 396.1324316562446, -626.8596315121576, 14.571339778118034, 298.79277144183027, -479.18387052100934, 3368.953826696612, -5155.745968300664, 22.278884330618652, -432.9342166338756, 1720.6686541184886, -2753.9651954340006, 209.71167078045323, 1780.1865929154578, 106.5079537703506, 736.207334646389, -1053.7926394143028, 1372.3607416235811, 13160.956829846837, -15791.62351096305, 198.61848593138353, 1437.4844656792495, -1951.5277044969766, 95.54780575647973, 1187.3984082590528, -1853.1584516635348, 35.320653804005985, 194.66589598088171, -263.4033417711614, 251.1906278384259, -461.05556390952455, 99.60603570166938, -1740.425391687052, 121.21881859294143, 419.6493659928667, -614.8606569141358, 111.6137151158334, 776.5703097716456, -550.9592152762496, -620.598002682064, -122.81063571054582, -23.888507788722386, -311.29106763460294, 329.8066257809715, 808.8464932621196, 1237.6887119842766, -1582.6010032305041, 665.4959355912976, -777.0754184414487, 131.0242348302714, 43.61646296298265, 383.0642060342958], [21.619303080616586, -648.7580389843072, 396.1324316562446, -648.7580389843072, 396.1324316562446, 0.0, 0.0, 0.0, -385.38226763697327, 53.124897882852885, 2.0526175036131358, 49.509501611511936, -480.2008294097316, 292.3260013410979, 16.182814966742406, -494.3521817766913, 7.255287498948988, -177.28428661445363, 108.843399220787, 59.2926835178153, -1972.1177848632092, 1639.6221741519462, 0.27557930833336697, -2.6840589128904435, 1.4315257271451884, 6.127104005606026, -325.5667927352005, 204.88941697627143, 0.30739757121605615, -5.88838592050732, 4.484120083976642, -253.79389108854423, 152.0006945283107, 11.107665089034237, 190.38647569647188, 0.1090600904115694, -3.119672144117142, 2.6179526585853723, 4.807093214523806, -126.47612076137091, 68.48629880429712, 84.77069695400284, 13.67890570963665, 2.147977564579854, 22.472039861436343, 75.01410902181574, -163.86086291722168, -322.9540573258932, 197.40972107695723, -266.31746165953996, 155.16172015846539, 19.91960119462424, 2.9503801952341666, -100.66430991659259], [23.109522933245042, 396.1324316562446, -626.8596315121576, 396.1324316562446, -626.8596315121576, 0.0, 0.0, 0.0, 313.2001699575211, -61.93708652813052, 2.3224600141366074, -74.38266536488548, 292.3260013410979, -481.31383337133275, 16.374276225088998, 305.56464856251847, 6.000213492446521, 108.843399220787, -150.5087630745241, 70.23307495655061, 1639.6221741519462, -1968.377173690617, 0.04504573369293892, 1.4315257271451884, -1.6459193504289709, 7.000823455831033, 204.88941697627143, -324.7258347643604, 0.29093379093919286, 4.484120083976642, -5.36249192672416, 152.0006945283107, -275.7648495353951, 10.031366677960063, -270.4484906281586, 0.2975749315067269, 2.6179526585853723, -3.2131267084319735, 5.66299371421461, 99.85104966515885, -100.02877666031567, -108.02817090197493, -14.462371998118044, -2.267029141770091, -24.02695902797915, 69.4636163424721, 114.25608733762267, 197.40972107695723, -273.029494827999, 155.16172015846539, -187.46654912579606, 10.437676281092754, 2.6991934845361625, 60.385709569451876], [-35.20660214869578, 14.430089817210227, 14.571339778118034, 0.0, 0.0, -35.20660214869578, 14.430089817210227, 14.571339778118034, 11.401353128447978, 1.8349646229490626, -2.8353419826347026, 1.0953515593269807, 11.649201041064309, 12.083801940172497, -30.709271944866888, 12.680616210529116, -7.477281689300068, 3.5737773002233264, 2.9533909044418705, -89.73648163997642, 38.975996975136106, 43.86950566886145, -26.966733094923047, 13.350645511636635, 9.254839444703476, -9.125021480620298, 3.34297878123032, 4.221239628297856, -1.5163071846557317, 0.6153545316206434, 0.7861556113432078, 0.06072092207454627, 0.0345644717304545, -27.78253542604586, 11.32896057928971, -2.2791686678634506, 0.9442900773275185, 1.0994466237550884, -7.4109687175915155, 2.6195897704215505, 2.1895104786538733, 2.3952304818219905, 0.28214330919098407, 0.046693824922897, 0.664384936815635, 1.8472760806994073, 3.758206143212192, 7.6771779165020835, 3.716763537894904, 5.394919484618196, 1.6871588411357115, -21.27593233032783, -4.057771294396698, 1.6185861755965723], [14.430089817210227, -453.47488746035583, 298.79277144183027, 0.0, 0.0, 14.430089817210227, -453.47488746035583, 298.79277144183027, -364.80720806751367, 28.309280079013693, 1.1503144494710125, 33.61480219170149, -357.53971225138076, 236.0901771998447, 12.680616210529116, -413.82180192119324, 3.5737773002233264, -86.17314629625665, 62.55161405265572, 38.975996975136106, -1489.2402630603826, 1302.8678249138775, 13.350645511636635, -356.3356257316136, 224.60616670066938, 3.34297878123032, -216.604494979608, 149.57453497598166, 0.6153545316206434, -13.914514639764214, 11.389509609253961, -3.114744624779583, 2.5258105888569595, 11.400665971447049, 240.585268100212, 0.9442900773275185, -14.152912506314935, 10.625608183810183, 3.1615930242371952, -93.31691577045538, 46.66664403528683, 56.60154174310646, 10.481266132408724, 2.025503118846362, 22.17697437244125, 40.03404188119993, -121.25040501243713, -228.01587428328403, 151.0928089412805, -159.2901196999338, 97.73981370320405, 13.072097401120278, 1.6185861755965723, -70.35566943459747], [14.571339778118034, 298.79277144183027, -479.18387052100934, 0.0, 0.0, 14.571339778118034, 298.79277144183027, -479.18387052100934, 311.6870860557017, -38.83364756051442, 1.0953515593269807, -53.460648709906884, 236.0901771998447, -381.8008942050749, 12.515819321490694, 272.4110096044312, 2.9533909044418705, 62.55161405265572, -82.38368675184519, 43.86950566886145, 1302.8678249138775, -1533.4865064852765, 9.254839444703476, 224.60616670066938, -293.2830522353825, 4.221239628297856, 149.57453497598166, -245.04000201200796, 0.7861556113432078, 11.389509609253961, -14.037412307895414, 2.5258105888569595, -2.8091530969197773, 11.32896057928971, -392.0923026320915, 1.0994466237550884, 10.625608183810183, -13.804688795846596, 3.6070051148584037, 78.03214856265797, -66.72893736191364, -72.37466903598745, -10.962682907359202, -2.0992882545922815, -23.398783091618533, 49.39560994225749, 88.63500837396069, 151.0928089412805, -184.79533276470565, 97.73981370320405, -109.58403257316233, 5.403922379030613, 1.6928260022646995, 45.06376453581662], [300.66637878054524, -4112.287067539953, 3368.953826696612, -385.38226763697327, 313.2001699575211, 11.401353128447978, -364.80720806751367, 311.6870860557017, -25359.930297824576, 9024.723713393521, 21.595760108809262, 423.3590021059517, -3321.81490427223, 2715.0310928752306, 208.02711430205957, -3059.903151814838, 97.91274130136016, -1321.9223514962632, 1118.4539989687312, 1510.4572012758683, -34583.196134460195, 32450.538634912285, 276.30187450964024, -3329.600911567031, 2707.142224509795, 78.89660936655929, -1841.0836752072291, 1546.8130789029683, 61.39355696973124, -634.4634125922238, 529.0793983199031, -256.02093591343913, 195.47028904564968, 79.65838551658622, 1215.416032009673, 105.95770132027252, -1094.6406656718932, 963.5767593952202, 122.48053788301735, -2068.7380168853474, 649.7109600789137, 622.6790585276628, 263.01341575978046, 57.98491669512627, 906.2138641481184, 164.63626910890994, -1987.1960765617218, -2476.671183143361, 2038.2518707450631, -1635.615884396591, 1330.7019559515495, 300.66637878054524, 44.0373323717036, -749.5958517080664], [611.3226992465735, 3707.444521528771, -5155.745968300664, 53.124897882852885, -61.93708652813052, 1.8349646229490626, 28.309280079013693, -38.83364756051442, 9024.723713393521, -15567.729234022827, 36.65799600052138, -606.360154817151, 2878.3599882321582, -4076.551548119778, 385.5230158434525, 2739.2343022756877, 226.24721923981315, 1440.188878993386, -1894.4310974932605, 3456.436459371246, 32218.370719217684, -36856.03203424928, 458.43889772787395, 2950.325407893211, -3785.9878221698687, 181.18337175994608, 1864.0751021964247, -2553.740276041805, 81.5142585548822, 491.60918108105466, -622.9033058235476, 198.0909949838183, -325.5819402583273, 138.5950646982578, -1973.16456922131, 320.56044668134587, 1166.7331269663646, -1599.4840482142101, 279.18080627293523, 1827.1039553465341, -862.9549969044112, -948.5529871613177, -358.4227544696763, -79.59853769726801, -952.2315100688943, 306.53281327191866, 1599.7874500333835, 2081.946655231972, -2505.2597171844764, 1065.350096414738, -1198.9851313654267, 289.1190428029048, 90.67402317688556, 681.7347847397921], [-60.54385571159744, 26.324608081971682, 22.278884330618652, 2.0526175036131358, 2.3224600141366074, -2.8353419826347026, 1.1503144494710125, 1.0953515593269807, 21.595760108809262, 36.65799600052138, -60.54385571159744, 22.278884330618652, 0.0, 0.0, -53.94408439437437, 23.221834104250984, -20.38198769619292, 8.873898782040225, 8.012925464831989, -193.80693107592663, 87.08114366726412, 92.18235826776554, -43.6558755983661, 22.549842064385686, 12.852525136938242, -20.317161010216942, 8.152754155536023, 8.473051595924192, -2.449697713015471, 1.2893527669286429, 0.9842876851371529, 0.17549549568338174, 0.4101675609229754, -42.75246931448083, 14.742518488611244, -5.885012152429813, 2.2957342017707707, 2.9677311614527087, -15.75299965738361, 5.723613908424167, 3.311696886290273, 4.413136196077987, 0.6543824378546976, 0.1070560816451491, 1.6337622821395883, 3.8051548726124733, 8.15946636724457, 15.560642209783236, 4.982596732148108, 7.427714364422748, 1.219441821395993, -34.32364467560839, -8.847420729139998, 3.76590936416458], [22.278884330618652, 289.9142279324324, -432.9342166338756, 49.509501611511936, -74.38266536488548, 1.0953515593269807, 33.61480219170149, -53.460648709906884, 423.3590021059517, -606.360154817151, 22.278884330618652, -432.9342166338756, 0.0, 0.0, 19.873228362448504, 257.14366567907734, 8.012925464831989, 92.88296545315804, -129.09394380908645, 92.18235826776554, 1739.7092330679538, -1988.5624035410115, 12.852525136938242, 183.6787269779173, -241.35175502141206, 8.473051595924192, 159.62850679543283, -239.2909038119011, 0.9842876851371529, 13.179246246805056, -15.257876097886378, 4.36511018147441, -6.419491939393881, 14.742518488611244, -319.4855267398893, 2.9677311614527087, 18.78050717947379, -25.680069702107172, 7.392252396699858, 99.74738720039016, -62.320603510756996, -80.95205682270944, -15.402319992415208, -2.731410799348998, -37.48376983381184, 40.34487671700381, 106.05960507110093, 152.3265115756152, -181.80457351527366, 76.23353613431726, -83.98174774211425, 6.2020385535441, 3.4150138790508695, 51.85995158779545], [217.67278359411705, -2835.37086814283, 1720.6686541184886, -480.2008294097316, 292.3260013410979, 11.649201041064309, -357.53971225138076, 236.0901771998447, -3321.81490427223, 2878.3599882321582, 0.0, 0.0, -2835.37086814283, 1720.6686541184886, 153.6006291912125, -2154.0823567787547, 80.74502803386825, -879.1898598081411, 567.7470232259604, 786.7395485190265, -11621.576712833772, 9791.185149804089, 185.90608879551223, -1927.7619632505355, 1123.2874628791028, 68.65772593534636, -1483.4332966104002, 906.0250490772244, 27.57388011002272, -239.07460847832186, 174.75114164438276, -449.5539349787102, 244.1943306145206, 79.94414432512896, 714.2060276064292, 69.52951661735061, -518.9229013777581, 389.1813009797112, 63.14131401907241, -731.404222014199, 295.3702019628035, 360.20273970354214, 79.67221416699805, 16.089972767616707, 204.07602523744586, 281.8162092410019, -887.5953017305429, -1567.864665783971, 953.2602905995406, -944.3812945379516, 532.3315691724015, 198.15747904276398, 30.654018232130674, -466.12754625881706], [261.2040400982811, 1720.6686541184886, -2753.9651954340006, 292.3260013410979, -481.31383337133275, 12.083801940172497, 236.0901771998447, -381.8008942050749, 2715.0310928752306, -4076.551548119778, 0.0, 0.0, 1720.6686541184886, -2753.9651954340006, 170.21795944059994, 1295.493685832149, 91.32361080673674, 567.7470232259604, -824.1282733092178, 1195.2504460890643, 9791.185149804089, -11981.749244916362, 174.63966668823096, 1123.2874628791028, -1544.1151223364036, 80.88418690226025, 906.0250490772244, -1442.9542178919419, 33.74625300673898, 174.75114164438276, -239.63505391931687, 244.1943306145206, -451.38521832302894, 69.10978730749406, -1152.6051507366315, 115.47586764511664, 389.1813009797112, -572.4730826291761, 97.19452285107052, 589.0551705287182, -434.81939978038173, -477.7554029912879, -91.20414525941109, -18.45858438946462, -236.3252334818556, 261.79521538146133, 619.2435408866909, 953.2602905995406, -1249.034490709358, 532.3315691724015, -630.2517520102192, 120.26517658867552, 36.675913388452116, 287.6322422864064], [-509.71446072151224, 208.16866807693532, 209.71167078045323, 16.182814966742406, 16.374276225088998, -30.709271944866888, 12.680616210529116, 12.515819321490694, 208.02711430205957, 385.5230158434525, -53.94408439437437, 19.873228362448504, 153.6006291912125, 170.21795944059994, -509.71446072151224, 208.16866807693532, -242.12085488658462, 100.32791377053994, 106.5079537703506, -1711.1505047189748, 711.4639000086906, 881.9879412797293, -368.34746614714777, 175.36220267656725, 131.46643688230012, -158.7261253533469, 63.89691173654832, 66.33402696640529, -54.47360115560222, 21.726031279503307, 26.229958101090084, 8.846423422942431, 11.305253544116884, -254.62089153106055, 89.83606163418993, -111.0612236491097, 40.64591963801585, 60.24859720503748, -140.20175094648306, 48.639231802984035, 34.51793961230984, 37.63400447341891, 6.992243989845748, 1.4166531011356984, 18.513585935796097, 30.939680741122825, 67.98582006295638, 119.8320677137889, 64.14075940455277, 66.63539883943216, 20.04736221339576, -316.08453122482007, -73.29568001329925, 30.187434212569155], [208.16866807693532, -3004.5409174771034, 1780.1865929154578, -494.3521817766913, 305.56464856251847, 12.680616210529116, -413.82180192119324, 272.4110096044312, -3059.903151814838, 2739.2343022756877, 23.221834104250984, 257.14366567907734, -2154.0823567787547, 1295.493685832149, 208.16866807693532, -3004.5409174771034, 100.32791377053994, -1147.6100856582298, 736.207334646389, 711.4639000086908, -11919.150240343686, 10029.944229449417, 175.36220267656725, -2025.979873963196, 1128.8957634575777, 63.89691173654832, -1565.7469485450076, 948.1851193620715, 21.726031279503307, -195.29295461389887, 141.56422821175542, -236.26113951336094, 135.20794647915838, 113.21270354990894, 1032.097723701052, 40.64591963801585, -320.7778064620729, 239.69729314008012, 57.35728370304818, -746.6105938660229, 296.4946880241538, 368.72068819691776, 82.45436666373965, 16.066648708579265, 206.6827544787567, 316.50862018601185, -922.3067035737594, -1645.827302946143, 975.5676182550835, -961.8597881070314, 520.3728760813874, 186.46746655322102, 30.187434212569155, -499.16785502511533], [-242.12085488658462, 100.32791377053994, 106.5079537703506, 7.255287498948988, 6.000213492446521, -7.477281689300068, 3.5737773002233264, 2.9533909044418705, 97.91274130136016, 226.24721923981315, -20.38198769619292, 8.012925464831989, 80.74502803386825, 91.32361080673674, -242.12085488658462, 100.32791377053994, -242.12085488658462, 100.32791377053994, 106.5079537703506, -911.657331305623, 369.2099865259724, 496.4494209556776, -179.7628921962671, 84.67154208911886, 71.08170811342279, -72.73362176384225, 29.10084269252552, 33.181837118983104, -19.82350650151092, 8.519301751833304, 9.730131395680024, 1.9650445187774312, 2.724865842050828, -109.4808103623828, 38.99747179473171, -79.10944622349393, 28.64259088425569, 44.49387263499143, -74.50923628171051, 25.186764092620823, 17.961346995404934, 18.964651883292664, 3.9912213445947757, 0.8541748745764968, 11.305844580554353, 12.053873529174007, 34.968027348424194, 58.358631625365405, 32.418339771594255, 30.582468917916916, 9.383314535381928, -146.62478063432533, -34.96765561998334, 13.51343344101304], [100.32791377053994, -1147.6100856582298, 736.207334646389, -177.28428661445363, 108.843399220787, 3.5737773002233264, -86.17314629625665, 62.55161405265572, -1321.9223514962632, 1440.188878993386, 8.873898782040225, 92.88296545315804, -879.1898598081411, 567.7470232259604, 100.32791377053994, -1147.6100856582298, 100.32791377053994, -1147.6100856582298, 736.207334646389, 369.2099865259724, -5567.477248646599, 4837.288969545471, 84.67154208911886, -786.449543910552, 487.63314598705546, 29.10084269252552, -565.9251871539399, 376.7214800075244, 8.519301751833304, -75.33991231004744, 59.127117901626555, -40.78081639526447, 26.069475234563882, 50.592195564150614, 399.90108072239394, 28.64259088425569, -216.6947858187368, 167.48187839834077, 29.713279654470533, -338.8416975298232, 125.96393694901786, 147.36854363176968, 40.36334376487491, 8.141997517182679, 109.32955974853776, 96.7907270331857, -394.3797346736802, -632.6738224086938, 405.1231559423502, -345.3645181336473, 204.25600555020299, 88.94110054328233, 13.51343344101304, -173.50766551204066], [106.5079537703506, 736.207334646389, -1053.7926394143028, 108.843399220787, -150.5087630745241, 2.9533909044418705, 62.55161405265572, -82.38368675184519, 1118.4539989687312, -1894.4310974932605, 8.012925464831989, -129.09394380908645, 567.7470232259604, -824.1282733092178, 106.5079537703506, 736.207334646389, 106.5079537703506, 736.207334646389, -1053.7926394143028, 496.4494209556776, 4837.288969545471, -5617.4841442577035, 71.08170811342279, 487.63314598705546, -639.2055884324235, 33.181837118983104, 376.7214800075244, -527.8079135881602, 9.730131395680024, 59.127117901626555, -75.83400475642274, 26.069475234563882, -41.82331954209363, 38.99747179473171, -567.237112100698, 44.49387263499143, 167.48187839834077, -235.33762515199882, 40.5134482496442, 283.2099637981875, -169.06964061401473, -185.82788604025254, -44.910329599191094, -9.077282786352802, -122.29255204128565, 73.70180904632254, 285.9917510949444, 405.1231559423502, -485.5943121466152, 204.25600555020299, -229.16195701831214, 41.80165430697618, 15.889709681530178, 116.19136303080737], [-2512.8580160421175, 988.2765200795981, 1372.3607416235811, 59.2926835178153, 70.23307495655061, -89.73648163997642, 38.975996975136106, 43.86950566886145, 1510.4572012758683, 3456.436459371246, -193.80693107592663, 92.18235826776554, 786.7395485190265, 1195.2504460890643, -1711.1505047189748, 711.4639000086908, -911.657331305623, 369.2099865259724, 496.4494209556776, -14045.153438620548, 5127.527629201472, 8665.828142144883, -1931.8931583131352, 853.0133746585778, 977.8436273341539, -725.3524363959841, 282.6934155211283, 395.6017338011906, -304.1704799680139, 125.73628644732206, 166.86882193052506, 54.82144089929229, 79.65935588013728, -811.6920130073273, 361.1103722622372, -1033.5075188052788, 335.43939768712625, 667.8814915020448, -1109.5520662615274, 325.77160992275816, 252.57958288773563, 262.1077457833989, 77.14152083639696, 16.953235414449193, 227.74217385895858, 65.04581419607298, 376.4136304223996, 564.3335901751515, 496.8582465872222, 321.5322915128892, 178.76351509747158, -1636.4296448907482, -358.8846170087698, 143.06971604286377], [988.2765200795982, -15582.926702745837, 13160.956829846837, -1972.1177848632092, 1639.6221741519462, 38.975996975136106, -1489.2402630603826, 1302.8678249138775, -34583.196134460195, 32218.370719217684, 87.08114366726412, 1739.7092330679538, -11621.576712833772, 9791.185149804089, 711.4639000086906, -11919.150240343686, 369.2099865259724, -5567.477248646599, 4837.288969545471, 5127.527629201472, -139297.5794647226, 132042.40168054448, 853.0133746585778, -11177.75930797346, 9342.244600164186, 282.6934155211283, -7318.0468433286605, 6257.2962429047375, 125.73628644732206, -1707.7226963880835, 1532.0407215244334, -1218.2005842446642, 945.1396939722896, 379.93441946133584, 5985.112189972581, 335.43939768712625, -3743.2537589178355, 3309.890253089125, 400.7463649743652, -7548.823037750462, 2477.894334472021, 3027.28677243319, 1149.0045849692494, 237.51304352337323, 3428.0070932186663, 559.4513261512722, -6262.363716778315, -8607.939414679824, 7245.917892316278, -5012.803271373094, 4186.898016910009, 885.8658816880406, 143.06971604286375, -2703.6806354938662], [1372.3607416235811, 13160.956829846837, -15791.62351096305, 1639.6221741519462, -1968.377173690617, 43.86950566886145, 1302.8678249138775, -1533.4865064852765, 32450.538634912285, -36856.03203424928, 92.18235826776554, -1988.5624035410115, 9791.185149804089, -11981.749244916362, 881.9879412797293, 10029.944229449417, 496.4494209556776, 4837.288969545471, -5617.4841442577035, 8665.828142144883, 132042.40168054448, -142783.23234882858, 977.8436273341539, 9342.244600164187, -10733.08902115843, 395.6017338011906, 6257.2962429047375, -7375.023449846361, 166.86882193052506, 1532.0407215244334, -1750.0266867675145, 945.1396939722896, -1245.6774275877613, 361.1103722622372, -7015.688080372797, 667.8814915020448, 3309.890253089125, -4099.8057131721025, 686.2639537183591, 7053.090656261683, -2895.1213239086833, -3433.961451035818, -1231.2289096911527, -255.27735935639083, -3668.70508392763, 532.3573103147436, 5546.029329926618, 7245.917892316277, -8059.3686246938805, 4186.898016910009, -4460.653046988446, 675.621761684694, 193.3770544109005, 2317.5626825335826], [-511.26227172722747, 235.25108641565163, 198.61848593138353, 0.27557930833336697, 0.04504573369293892, -26.966733094923047, 13.350645511636635, 9.254839444703476, 276.30187450964024, 458.43889772787395, -43.6558755983661, 12.852525136938242, 185.90608879551223, 174.63966668823096, -368.34746614714777, 175.36220267656725, -179.7628921962671, 84.67154208911886, 71.08170811342279, -1931.8931583131352, 853.0133746585778, 977.8436273341539, -511.26227172722747, 235.25108641565163, 198.61848593138353, -148.95040905648537, 71.00421264201869, 55.42623066301921, -61.89098023458233, 27.87766173279852, 27.32646550612452, 11.175811214766497, 7.863095407905988, -194.15109028455743, 53.72378479456809, -174.70990487633293, 68.61872303829811, 92.37535331292237, -157.6076143491728, 57.78865352456397, 34.087598179499615, 34.282705887059876, 8.184828582485757, 1.747712641205542, 24.416623847805802, 26.435316817624333, 80.28663598728069, 134.0753360127805, 74.00011640746494, 80.35756103434781, 28.744136934204757, -362.90395808087777, -75.40514287420066, 33.97605779195412], [235.25108641565163, -2528.4036258292667, 1437.4844656792495, -2.6840589128904435, 1.4315257271451884, 13.350645511636635, -356.3356257316136, 224.60616670066938, -3329.600911567031, 2950.325407893211, 22.549842064385686, 183.6787269779173, -1927.7619632505355, 1123.2874628791028, 175.36220267656725, -2025.979873963196, 84.67154208911886, -786.449543910552, 487.63314598705546, 853.0133746585778, -11177.75930797346, 9342.244600164187, 235.25108641565163, -2528.4036258292667, 1437.4844656792495, 71.00421264201869, -1234.6728159586498, 702.9185554703627, 27.87766173279852, -223.25131898248645, 160.55839970196342, -166.46198985254557, 73.27612851406826, 103.50613029353872, 683.1067628562018, 68.61872303829811, -467.19116518348505, 343.83876089889304, 68.5159871451905, -691.0666975945898, 243.98504417636883, 293.1865124730345, 76.18404474483678, 15.309742798115009, 214.6630354234022, 263.5122386977007, -834.5361694720083, -1372.3285998964866, 778.5118208249455, -915.5838032530238, 492.77591296289205, 214.43289704712834, 33.97605779195412, -433.97335273520844], [198.61848593138353, 1437.4844656792495, -1951.5277044969766, 1.4315257271451884, -1.6459193504289709, 9.254839444703476, 224.60616670066938, -293.2830522353825, 2707.142224509795, -3785.9878221698687, 12.852525136938242, -241.35175502141206, 1123.2874628791028, -1544.1151223364036, 131.46643688230012, 1128.8957634575777, 71.08170811342279, 487.63314598705546, -639.2055884324235, 977.8436273341539, 9342.244600164186, -10733.08902115843, 198.61848593138353, 1437.4844656792495, -1951.5277044969766, 55.42623066301921, 702.9185554703627, -921.9605656561148, 27.32646550612452, 160.55839970196342, -205.81897683787633, 73.27612851406826, -110.59391009321617, 53.72378479456809, -904.2557959345788, 92.37535331292237, 343.83876089889304, -469.1831983034954, 79.6577595014297, 549.5401041055899, -314.8928255313693, -355.414659422405, -85.1097033383819, -17.171949660004827, -241.8854917750829, 107.16407479724356, 559.6288813987829, 778.5118208249455, -957.2363145172876, 492.77591296289205, -566.4510783590805, 102.74425334166966, 29.925450782232225, 252.67414280669894], [-218.9892203282467, 86.1731718622235, 95.54780575647973, 6.127104005606026, 7.000823455831033, -9.125021480620298, 3.34297878123032, 4.221239628297856, 78.89660936655929, 181.18337175994608, -20.317161010216942, 8.473051595924192, 68.65772593534636, 80.88418690226025, -158.7261253533469, 63.89691173654832, -72.73362176384225, 29.10084269252552, 33.181837118983104, -725.3524363959841, 282.6934155211283, 395.6017338011906, -148.95040905648537, 71.00421264201869, 55.42623066301921, -218.9892203282467, 86.1731718622235, 95.54780575647973, -16.372204520072074, 5.85840557492547, 8.745007557527867, 8.406364101184302, 8.719553213018322, -91.90645930514545, 34.49590955051951, -61.398855120189054, 21.727180626534235, 33.94689249516868, -59.21387141799038, 19.333470810180888, 15.929599670974564, 18.03225814469357, 3.062969525457639, 0.6414001368959971, 7.887480817530536, 12.477310808250422, 27.30906202018212, 47.23034749688796, 28.057261338983366, 29.870567965182502, 8.654408336767553, -131.69027761722305, -30.90069733123495, 12.231810645858959], [86.1731718622235, -1950.1435516789993, 1187.3984082590528, -325.5667927352005, 204.88941697627143, 3.34297878123032, -216.604494979608, 149.57453497598166, -1841.0836752072291, 1864.0751021964247, 8.152754155536023, 159.62850679543283, -1483.4332966104002, 906.0250490772244, 63.89691173654832, -1565.7469485450076, 29.10084269252552, -565.9251871539399, 376.7214800075244, 282.6934155211283, -7318.0468433286605, 6257.2962429047375, 71.00421264201869, -1234.6728159586498, 702.9185554703627, 86.1731718622235, -1950.1435516789993, 1187.3984082590528, 5.85840557492547, -95.75453996569738, 73.14960667691565, -271.8389299384188, 145.81069827825846, 39.891135628446776, 616.4014553449053, 21.727180626534235, -255.88466441804394, 197.8155614971763, 22.752239517693138, -461.78286065417075, 198.92193662340074, 249.9345133551746, 50.46201034135207, 9.648520915585193, 120.57664893776179, 209.5097850607075, -583.9866331625643, -1041.869785649701, 641.8916676607458, -640.1149008757237, 345.9911614540694, 77.10091546207047, 12.231810645858959, -321.0810034997883], [95.54780575647973, 1187.3984082590528, -1853.1584516635348, 204.88941697627143, -324.7258347643604, 4.221239628297856, 149.57453497598166, -245.04000201200796, 1546.8130789029683, -2553.740276041805, 8.473051595924192, -239.2909038119011, 906.0250490772244, -1442.9542178919419, 66.33402696640529, 948.1851193620715, 33.181837118983104, 376.7214800075244, -527.8079135881602, 395.6017338011906, 6257.2962429047375, -7375.023449846361, 55.42623066301921, 702.9185554703627, -921.9605656561148, 95.54780575647973, 1187.3984082590528, -1853.1584516635348, 8.745007557527867, 73.14960667691565, -98.8154446308765, 145.81069827825846, -274.5597371317015, 34.49590955051951, -946.872593564905, 33.94689249516868, 197.8155614971763, -272.84106854349443, 32.1435425390085, 376.75327911924035, -282.9149497652753, -319.77367688721046, -54.649059761758714, -10.480505145682663, -131.4638877181951, 189.64357793485445, 411.48280187619025, 641.8916676607458, -807.5028854285489, 345.9911614540694, -399.5807835821643, 36.71166967575092, 13.712446124440937, 196.98628109104288], [-73.1037590187115, 29.74474871038285, 35.320653804005985, 0.30739757121605615, 0.29093379093919286, -1.5163071846557317, 0.6153545316206434, 0.7861556113432078, 61.39355696973124, 81.5142585548822, -2.449697713015471, 0.9842876851371529, 27.57388011002272, 33.74625300673898, -54.47360115560222, 21.726031279503307, -19.82350650151092, 8.519301751833304, 9.730131395680024, -304.1704799680139, 125.73628644732206, 166.86882193052506, -61.89098023458233, 27.87766173279852, 27.32646550612452, -16.372204520072074, 5.85840557492547, 8.745007557527867, -73.1037590187115, 29.74474871038285, 35.320653804005985, 0.0, 0.0, 0.0, 0.0, 0.0, 0.0, 0.0, -25.015194308493633, 8.74532541263699, 6.031145430824017, 5.642174100688828, 1.3500175866118844, 0.2619851688714859, 4.39079899694598, 2.9858860245176246, 12.27900731305364, 16.324743581053003, 14.664710786528108, 10.922030748443659, 5.040553450017988, -52.70398906576811, -10.776961363704393, 4.329331746709966], [29.74474871038285, -264.39366126049066, 194.66589598088171, -5.88838592050732, 4.484120083976642, 0.6153545316206434, -13.914514639764214, 11.389509609253961, -634.4634125922238, 491.60918108105466, 1.2893527669286429, 13.179246246805056, -239.07460847832186, 174.75114164438276, 21.726031279503307, -195.29295461389887, 8.519301751833304, -75.33991231004744, 59.127117901626555, 125.73628644732206, -1707.7226963880835, 1532.0407215244334, 27.87766173279852, -223.25131898248645, 160.55839970196342, 5.85840557492547, -95.75453996569738, 73.14960667691565, 29.74474871038285, -264.39366126049066, 194.66589598088171, 0.0, 0.0, 0.0, 0.0, 0.0, 0.0, 0.0, 10.078398837143427, -104.20232951719696, 34.99638862129871, 42.86292108273011, 12.914851165516893, 2.5579873354299028, 39.23801666292056, 13.114224753631202, -111.52398028663956, -145.3892995956031, 106.30192694373261, -88.37933473322049, 62.75098433137283, 27.246774329496674, 4.329331746709966, -45.325618438395985], [35.320653804005985, 194.66589598088171, -263.4033417711614, 4.484120083976642, -5.36249192672416, 0.7861556113432078, 11.389509609253961, -14.037412307895414, 529.0793983199031, -622.9033058235476, 0.9842876851371529, -15.257876097886378, 174.75114164438276, -239.63505391931687, 26.229958101090084, 141.56422821175542, 9.730131395680024, 59.127117901626555, -75.83400475642274, 166.86882193052506, 1532.0407215244334, -1750.0266867675145, 27.32646550612452, 160.55839970196342, -205.81897683787633, 8.745007557527867, 73.14960667691565, -98.8154446308765, 35.320653804005985, 194.66589598088171, -263.4033417711614, 0.0, 0.0, 0.0, 0.0, 0.0, 0.0, 0.0, 13.815893176810583, 91.04644082803648, -45.380261691095, -51.805769262259574, -14.372222891994962, -2.831872092578278, -44.1739003492698, 13.095057373988656, 87.22882629963047, 106.30192694373261, -132.31987167095815, 62.75098433137283, -72.02035767927161, 19.7052642365461, 5.014283680629266, 33.81223344003715], [19.93312505033368, -460.32301922919993, 251.1906278384259, -253.79389108854423, 152.0006945283107, 0.06072092207454627, -3.114744624779583, 2.5258105888569595, -256.02093591343913, 198.0909949838183, 0.17549549568338174, 4.36511018147441, -449.5539349787102, 244.1943306145206, 8.846423422942431, -236.26113951336094, 1.9650445187774312, -40.78081639526447, 26.069475234563882, 54.82144089929229, -1218.2005842446642, 945.1396939722896, 11.175811214766497, -166.46198985254557, 73.27612851406826, 8.406364101184302, -271.8389299384188, 145.81069827825846, 0.0, 0.0, 0.0, -460.32301922919993, 251.1906278384259, 0.0, 0.0, 0.0, 0.0, 0.0, 4.491318279896928, -82.98656180177552, 46.724085101408065, 53.976417579882096, 7.748346405947115, 1.360655908291918, 12.27962343832758, 60.57361471446939, -112.5416002933955, -246.44688869831805, 135.17674648425572, -179.16403101885385, 91.8325137482537, 18.77690435316196, 2.8721747709902092, -84.69853655923995], [22.87556490043275, 251.1906278384259, -461.05556390952455, 152.0006945283107, -275.7648495353951, 0.0345644717304545, 2.5258105888569595, -2.8091530969197773, 195.47028904564968, -325.5819402583273, 0.4101675609229754, -6.419491939393881, 244.1943306145206, -451.38521832302894, 11.305253544116884, 135.20794647915838, 2.724865842050828, 26.069475234563882, -41.82331954209363, 79.65935588013728, 945.1396939722896, -1245.6774275877613, 7.863095407905988, 73.27612851406826, -110.59391009321617, 8.719553213018322, 145.81069827825846, -274.5597371317015, 0.0, 0.0, 0.0, 251.1906278384259, -461.05556390952455, 0.0, 0.0, 0.0, 0.0, 0.0, 6.481097534159368, 60.57403011225253, -76.97273151975584, -74.97202450778215, -8.722869055247635, -1.54926130696554, -14.233064210707154, 60.4654936048498, 72.79384037475303, 135.17674648425572, -206.00989378455358, 91.8325137482537, -118.84219735831287, 11.124039265871476, 3.8461203783811637, 46.199539775512434], [-281.9031758338569, 125.39582236651148, 99.60603570166938, 11.107665089034237, 10.031366677960063, -27.78253542604586, 11.400665971447049, 11.32896057928971, 79.65838551658622, 138.5950646982578, -42.75246931448083, 14.742518488611244, 79.94414432512896, 69.10978730749406, -254.62089153106055, 113.21270354990894, -109.4808103623828, 50.592195564150614, 38.99747179473171, -811.6920130073273, 379.93441946133584, 361.1103722622372, -194.15109028455743, 103.50613029353872, 53.72378479456809, -91.90645930514545, 39.891135628446776, 34.49590955051951, 0.0, 0.0, 0.0, 0.0, 0.0, -281.9031758338569, 99.60603570166938, 0.0, 0.0, 0.0, -66.43346952643725, 25.351027194706845, 15.468745275034792, 18.5707364287915, 2.6510071218586324, 0.45921881856742747, 5.809701795318908, 18.61200270396248, 36.0714938881034, 71.59450125646745, 21.748513867074795, 38.10302756954906, 6.299384813184979, -162.95867357587684, -37.09609127145556, 16.890647883592408], [99.60603570166938, 1120.0575431934342, -1740.425391687052, 190.38647569647188, -270.4484906281586, 11.32896057928971, 240.585268100212, -392.0923026320915, 1215.416032009673, -1973.16456922131, 14.742518488611244, -319.4855267398893, 714.2060276064292, -1152.6051507366315, 89.83606163418993, 1032.097723701052, 38.99747179473171, 399.90108072239394, -567.237112100698, 361.1103722622372, 5985.112189972581, -7015.688080372797, 53.72378479456809, 683.1067628562018, -904.2557959345788, 34.49590955051951, 616.4014553449053, -946.872593564905, 0.0, 0.0, 0.0, 0.0, 0.0, 99.60603570166938, -1740.425391687052, 0.0, 0.0, 0.0, 29.313295999774798, 346.05896178302964, -259.5638904184236, -297.9119265877548, -52.1068139153897, -9.501519832254147, -121.87266772431123, 174.5451886955761, 366.94270711478623, 600.1058589152091, -734.0076138784933, 305.6261362037987, -342.25820284868183, 28.04789868025977, 12.805084346196061, 178.71965187808803], [-214.16280417840605, 74.20743764539725, 121.21881859294143, 0.1090600904115694, 0.2975749315067269, -2.2791686678634506, 0.9442900773275185, 1.0994466237550884, 105.95770132027252, 320.56044668134587, -5.885012152429813, 2.9677311614527087, 69.52951661735061, 115.47586764511664, -111.0612236491097, 40.64591963801585, -79.10944622349393, 28.64259088425569, 44.49387263499143, -1033.5075188052788, 335.43939768712625, 667.8814915020448, -174.70990487633293, 68.61872303829811, 92.37535331292237, -61.398855120189054, 21.727180626534235, 33.94689249516868, 0.0, 0.0, 0.0, 0.0, 0.0, 0.0, 0.0, -214.16280417840605, 74.20743764539725, 121.21881859294143, -83.19593819112622, 22.18411954214127, 22.208685762898295, 23.038087952783474, 6.017093085619157, 1.357402978240525, 16.765188528519204, 7.901685451813709, 27.658447870122863, 44.780750559446766, 46.42105307699408, 23.296583417827442, 15.565624686173589, -139.7983787108703, -33.01814275855461, 11.732474212780392], [74.20743764539725, -560.3148225002492, 419.6493659928667, -3.119672144117142, 2.6179526585853723, 0.9442900773275185, -14.152912506314935, 10.625608183810183, -1094.6406656718932, 1166.7331269663646, 